0.0	0.0	0.0	0.0	0.0	0.0	0.0	0.0	0.0	0.0	0.0	0.0	0.0	0.0	0.0	0.0	0.0	0.0	0.0	15.6843871414	0.0	6.32455532034	0.0	0.0	0.0	0.0	0.0	0.0	0.0	0.0	15.9687194227	0.0	0.0	0.0	0.0	0.0	0.0	0.0	15.9687194227	0.0	0.0	0.0	0.0	9.2736184955	14.8996644258	15.9687194227	0.0	0.0	0.0	0.0	0.0	0.0	0.0	0.0	7.0	11.6189500386	0.0	0.0	0.0	0.0	0.0	0.0	0.0	0.0	
0.0	0.0	0.0	0.0	6.0827625303	0.0	0.0	0.0	0.0	0.0	0.0	0.0	15.9687194227	0.0	0.0	0.0	0.0	0.0	0.0	0.0	11.2694276696	0.0	0.0	0.0	0.0	0.0	0.0	0.0	0.0	0.0	0.0	0.0	0.0	0.0	0.0	0.0	0.0	0.0	0.0	0.0	0.0	0.0	0.0	0.0	0.0	0.0	0.0	0.0	0.0	0.0	0.0	0.0	0.0	0.0	0.0	0.0	0.0	0.0	0.0	0.0	0.0	0.0	0.0	0.0	
0.0	0.0	0.0	0.0	0.0	0.0	0.0	0.0	0.0	0.0	0.0	15.9687194227	0.0	15.9687194227	2.0	0.0	0.0	0.0	15.9687194227	0.0	0.0	4.69041575982	0.0	0.0	0.0	0.0	15.9687194227	0.0	15.9687194227	15.9687194227	0.0	0.0	0.0	0.0	0.0	0.0	0.0	15.9687194227	0.0	0.0	0.0	0.0	0.0	0.0	0.0	0.0	0.0	0.0	0.0	0.0	0.0	0.0	0.0	0.0	0.0	0.0	0.0	0.0	0.0	0.0	0.0	0.0	0.0	0.0	
0.0	0.0	0.0	0.0	0.0	0.0	0.0	0.0	0.0	0.0	0.0	0.0	15.9687194227	0.0	0.0	0.0	0.0	0.0	0.0	5.09901951359	0.0	15.9687194227	0.0	0.0	0.0	0.0	4.12310562562	0.0	0.0	0.0	0.0	0.0	0.0	0.0	0.0	0.0	0.0	0.0	0.0	0.0	0.0	0.0	0.0	15.9687194227	0.0	0.0	0.0	0.0	0.0	0.0	0.0	0.0	0.0	0.0	0.0	0.0	0.0	0.0	0.0	0.0	0.0	0.0	0.0	0.0	
0.0	0.0	0.0	0.0	0.0	0.0	0.0	0.0	0.0	0.0	0.0	0.0	0.0	0.0	0.0	0.0	0.0	0.0	0.0	0.0	15.9687194227	0.0	0.0	0.0	0.0	0.0	0.0	0.0	0.0	0.0	0.0	0.0	0.0	0.0	0.0	0.0	0.0	0.0	0.0	0.0	0.0	0.0	0.0	0.0	0.0	0.0	0.0	0.0	0.0	0.0	0.0	0.0	0.0	0.0	0.0	0.0	0.0	0.0	0.0	0.0	0.0	0.0	0.0	0.0	
0.0	0.0	0.0	0.0	0.0	0.0	0.0	0.0	0.0	0.0	15.9687194227	14.5602197786	0.0	0.0	0.0	0.0	0.0	0.0	0.0	0.0	15.9687194227	0.0	0.0	0.0	0.0	0.0	15.9687194227	15.9687194227	0.0	0.0	0.0	0.0	0.0	0.0	0.0	0.0	0.0	0.0	0.0	0.0	0.0	0.0	0.0	15.3622914957	0.0	0.0	0.0	0.0	0.0	0.0	0.0	15.9687194227	0.0	0.0	0.0	0.0	0.0	0.0	0.0	5.0	0.0	0.0	0.0	0.0	
0.0	0.0	0.0	0.0	0.0	4.69041575982	0.0	0.0	0.0	0.0	0.0	0.0	0.0	0.0	0.0	0.0	0.0	0.0	0.0	0.0	14.1774468788	0.0	0.0	0.0	0.0	0.0	0.0	15.9687194227	14.5945195193	0.0	0.0	0.0	0.0	0.0	0.0	15.9687194227	0.0	0.0	0.0	0.0	0.0	0.0	0.0	0.0	4.472135955	15.9687194227	0.0	0.0	0.0	0.0	0.0	0.0	0.0	0.0	0.0	0.0	0.0	0.0	0.0	0.0	0.0	0.0	0.0	0.0	
0.0	0.0	0.0	0.0	0.0	0.0	0.0	0.0	0.0	0.0	0.0	15.9687194227	13.3790881603	15.9687194227	0.0	0.0	0.0	0.0	15.9373774505	0.0	0.0	0.0	0.0	0.0	0.0	0.0	0.0	0.0	8.24621125124	0.0	0.0	0.0	0.0	0.0	0.0	0.0	15.9687194227	0.0	0.0	0.0	0.0	0.0	0.0	0.0	0.0	0.0	0.0	0.0	0.0	0.0	0.0	15.9059737206	0.0	0.0	0.0	0.0	0.0	0.0	0.0	15.9687194227	0.0	0.0	0.0	0.0	
0.0	0.0	0.0	0.0	0.0	0.0	0.0	0.0	0.0	0.0	0.0	15.1327459504	0.0	0.0	0.0	0.0	0.0	0.0	15.9687194227	0.0	0.0	0.0	0.0	0.0	0.0	0.0	3.31662479036	0.0	0.0	0.0	0.0	0.0	0.0	0.0	0.0	0.0	15.9687194227	0.0	0.0	0.0	0.0	0.0	0.0	0.0	0.0	15.9687194227	0.0	0.0	0.0	0.0	15.9687194227	11.4891252931	15.9687194227	0.0	0.0	0.0	0.0	0.0	0.0	0.0	0.0	0.0	0.0	0.0	
0.0	0.0	0.0	0.0	0.0	0.0	0.0	0.0	0.0	0.0	0.0	0.0	14.9331845231	0.0	0.0	0.0	0.0	0.0	0.0	0.0	0.0	0.0	0.0	0.0	0.0	0.0	0.0	0.0	0.0	0.0	0.0	0.0	0.0	0.0	0.0	15.9687194227	0.0	0.0	0.0	0.0	0.0	0.0	0.0	15.9687194227	0.0	0.0	0.0	0.0	0.0	0.0	0.0	0.0	0.0	0.0	0.0	0.0	0.0	0.0	0.0	0.0	0.0	0.0	0.0	0.0	
0.0	0.0	0.0	0.0	0.0	0.0	0.0	0.0	0.0	0.0	0.0	0.0	15.9687194227	0.0	0.0	0.0	0.0	0.0	0.0	15.0665191733	14.8323969742	0.0	0.0	0.0	0.0	0.0	0.0	15.9687194227	15.9687194227	0.0	0.0	0.0	0.0	0.0	0.0	0.0	0.0	0.0	0.0	0.0	0.0	0.0	0.0	15.9687194227	0.0	0.0	0.0	0.0	0.0	0.0	0.0	0.0	4.472135955	0.0	0.0	0.0	0.0	0.0	0.0	0.0	0.0	0.0	0.0	0.0	
0.0	0.0	0.0	0.0	0.0	0.0	0.0	0.0	0.0	0.0	0.0	15.9687194227	11.1803398875	0.0	0.0	0.0	0.0	0.0	0.0	0.0	0.0	15.7797338381	0.0	0.0	0.0	0.0	0.0	15.9687194227	15.9687194227	15.9687194227	0.0	0.0	0.0	0.0	0.0	0.0	0.0	0.0	0.0	0.0	0.0	0.0	0.0	0.0	0.0	0.0	0.0	0.0	0.0	0.0	0.0	0.0	5.56776436283	0.0	0.0	0.0	0.0	0.0	0.0	0.0	0.0	0.0	0.0	0.0	
0.0	0.0	0.0	0.0	0.0	0.0	0.0	0.0	0.0	0.0	0.0	13.3041346957	0.0	0.0	0.0	0.0	0.0	0.0	15.9687194227	15.9687194227	6.0827625303	0.0	0.0	0.0	0.0	15.9687194227	0.0	0.0	0.0	0.0	0.0	0.0	0.0	0.0	0.0	15.9687194227	0.0	0.0	0.0	0.0	0.0	0.0	0.0	13.1148770486	0.0	0.0	0.0	0.0	0.0	7.07106781187	0.0	0.0	0.0	0.0	0.0	0.0	0.0	0.0	0.0	0.0	0.0	0.0	0.0	0.0	
0.0	0.0	0.0	0.0	0.0	0.0	0.0	0.0	0.0	0.0	0.0	15.9687194227	15.9687194227	0.0	0.0	0.0	0.0	0.0	15.9687194227	0.0	0.0	15.9687194227	0.0	0.0	0.0	0.0	0.0	0.0	0.0	0.0	0.0	0.0	0.0	0.0	0.0	0.0	0.0	15.9687194227	0.0	0.0	0.0	0.0	0.0	0.0	15.9687194227	0.0	0.0	0.0	0.0	15.9687194227	2.44948974278	0.0	0.0	0.0	0.0	0.0	0.0	0.0	0.0	0.0	0.0	0.0	0.0	0.0	
0.0	0.0	0.0	0.0	0.0	0.0	0.0	0.0	0.0	0.0	0.0	0.0	0.0	0.0	0.0	0.0	0.0	0.0	0.0	0.0	0.0	15.9687194227	0.0	0.0	0.0	0.0	0.0	15.9687194227	0.0	15.9687194227	0.0	0.0	0.0	0.0	0.0	15.9687194227	15.9687194227	0.0	0.0	0.0	0.0	0.0	0.0	0.0	0.0	0.0	0.0	0.0	0.0	0.0	0.0	0.0	15.4272486205	0.0	0.0	0.0	0.0	0.0	0.0	0.0	0.0	0.0	0.0	0.0	
0.0	0.0	0.0	0.0	0.0	0.0	0.0	0.0	0.0	0.0	0.0	10.8627804912	15.9373774505	0.0	0.0	0.0	0.0	0.0	15.9687194227	0.0	15.9687194227	0.0	0.0	0.0	0.0	15.9687194227	15.748015748	15.8113883008	15.8429795178	15.9687194227	0.0	0.0	0.0	0.0	0.0	0.0	0.0	0.0	0.0	0.0	0.0	0.0	0.0	0.0	0.0	0.0	0.0	0.0	0.0	0.0	0.0	0.0	0.0	0.0	0.0	0.0	0.0	0.0	0.0	0.0	0.0	0.0	0.0	0.0	
0.0	0.0	0.0	0.0	0.0	0.0	0.0	0.0	0.0	0.0	0.0	0.0	15.9687194227	0.0	0.0	0.0	0.0	0.0	0.0	15.9687194227	0.0	0.0	0.0	0.0	0.0	0.0	15.9687194227	0.0	0.0	0.0	0.0	0.0	15.9687194227	0.0	0.0	0.0	0.0	0.0	0.0	0.0	0.0	0.0	0.0	0.0	0.0	0.0	0.0	0.0	0.0	0.0	0.0	0.0	0.0	0.0	0.0	0.0	0.0	0.0	0.0	0.0	12.4899959968	0.0	0.0	0.0	
0.0	0.0	0.0	0.0	0.0	0.0	0.0	0.0	0.0	0.0	0.0	0.0	0.0	0.0	0.0	0.0	0.0	0.0	15.9373774505	0.0	0.0	0.0	0.0	0.0	0.0	15.9687194227	0.0	0.0	0.0	15.9687194227	0.0	0.0	0.0	0.0	0.0	0.0	0.0	0.0	0.0	0.0	0.0	0.0	0.0	0.0	3.16227766017	0.0	0.0	0.0	0.0	0.0	0.0	0.0	15.9687194227	0.0	0.0	0.0	0.0	0.0	0.0	0.0	15.9687194227	0.0	0.0	0.0	
0.0	0.0	0.0	0.0	0.0	0.0	0.0	0.0	0.0	0.0	0.0	15.3622914957	15.9687194227	15.9687194227	0.0	0.0	0.0	0.0	0.0	0.0	0.0	0.0	8.18535277187	0.0	0.0	0.0	0.0	0.0	0.0	0.0	8.12403840464	0.0	0.0	0.0	0.0	0.0	0.0	0.0	0.0	0.0	0.0	0.0	0.0	0.0	0.0	0.0	0.0	0.0	0.0	0.0	11.0453610172	15.9687194227	15.9687194227	15.9687194227	15.8113883008	0.0	0.0	0.0	0.0	0.0	0.0	0.0	0.0	0.0	
0.0	0.0	0.0	0.0	0.0	0.0	0.0	0.0	0.0	0.0	0.0	15.9687194227	0.0	0.0	15.9687194227	0.0	0.0	0.0	0.0	0.0	0.0	0.0	15.9687194227	0.0	0.0	0.0	0.0	0.0	0.0	15.9373774505	0.0	0.0	0.0	0.0	0.0	0.0	0.0	15.9687194227	0.0	0.0	0.0	0.0	0.0	0.0	0.0	0.0	0.0	0.0	0.0	4.69041575982	15.9687194227	15.9687194227	0.0	0.0	0.0	0.0	0.0	0.0	0.0	0.0	0.0	0.0	0.0	0.0	
0.0	0.0	0.0	0.0	0.0	0.0	0.0	0.0	0.0	0.0	0.0	0.0	0.0	0.0	0.0	0.0	0.0	0.0	0.0	0.0	4.89897948557	0.0	0.0	0.0	0.0	0.0	0.0	0.0	15.9687194227	0.0	0.0	0.0	0.0	0.0	0.0	0.0	15.9687194227	0.0	0.0	0.0	0.0	0.0	0.0	0.0	0.0	0.0	0.0	0.0	0.0	0.0	0.0	0.0	0.0	0.0	0.0	0.0	0.0	0.0	0.0	0.0	0.0	0.0	0.0	0.0	
0.0	0.0	0.0	0.0	0.0	0.0	0.0	0.0	0.0	0.0	0.0	0.0	0.0	0.0	0.0	0.0	0.0	0.0	0.0	0.0	0.0	0.0	0.0	0.0	0.0	0.0	0.0	0.0	0.0	0.0	0.0	0.0	0.0	0.0	15.9687194227	0.0	0.0	4.0	0.0	0.0	0.0	0.0	0.0	0.0	0.0	15.9687194227	0.0	0.0	0.0	0.0	15.9687194227	0.0	15.9687194227	0.0	0.0	0.0	0.0	0.0	0.0	0.0	0.0	0.0	0.0	0.0	
0.0	0.0	0.0	0.0	0.0	0.0	0.0	0.0	0.0	0.0	0.0	0.0	15.5563491861	0.0	0.0	0.0	0.0	0.0	0.0	0.0	15.9687194227	0.0	0.0	0.0	0.0	0.0	0.0	0.0	0.0	0.0	0.0	0.0	0.0	0.0	0.0	0.0	0.0	0.0	0.0	0.0	0.0	0.0	0.0	15.9687194227	0.0	0.0	0.0	0.0	0.0	0.0	0.0	14.6969384567	0.0	0.0	0.0	0.0	0.0	0.0	0.0	0.0	0.0	0.0	0.0	0.0	
0.0	0.0	0.0	0.0	15.9687194227	15.9687194227	3.0	0.0	0.0	0.0	0.0	15.9687194227	0.0	0.0	0.0	0.0	0.0	0.0	0.0	15.9687194227	0.0	0.0	0.0	15.9687194227	0.0	0.0	0.0	0.0	15.9687194227	0.0	0.0	0.0	0.0	0.0	1.73205080757	0.0	0.0	15.9687194227	0.0	0.0	0.0	0.0	0.0	0.0	0.0	0.0	15.9687194227	0.0	0.0	0.0	0.0	0.0	0.0	0.0	14.6628782986	0.0	0.0	0.0	0.0	0.0	0.0	15.9687194227	15.9687194227	0.0	
0.0	0.0	0.0	0.0	0.0	0.0	0.0	0.0	0.0	0.0	0.0	15.3297097168	15.9687194227	0.0	0.0	0.0	0.0	0.0	14.2126704036	0.0	0.0	0.0	13.2287565553	0.0	0.0	0.0	15.8429795178	0.0	0.0	0.0	0.0	0.0	0.0	0.0	0.0	0.0	0.0	0.0	0.0	0.0	0.0	0.0	15.9687194227	0.0	0.0	0.0	12.0	0.0	0.0	0.0	0.0	15.9373774505	15.9687194227	15.9687194227	0.0	0.0	0.0	0.0	0.0	0.0	0.0	0.0	0.0	0.0	
0.0	0.0	0.0	0.0	7.07106781187	0.0	0.0	0.0	0.0	0.0	0.0	15.9687194227	0.0	0.0	0.0	0.0	0.0	0.0	10.4880884817	0.0	0.0	0.0	0.0	0.0	0.0	0.0	0.0	0.0	0.0	0.0	0.0	0.0	5.9160797831	0.0	0.0	0.0	0.0	0.0	0.0	0.0	0.0	0.0	15.9687194227	15.9687194227	15.9687194227	15.9687194227	6.2449979984	0.0	0.0	0.0	0.0	0.0	0.0	0.0	0.0	0.0	0.0	0.0	0.0	0.0	0.0	0.0	0.0	0.0	
0.0	0.0	0.0	0.0	0.0	0.0	0.0	0.0	0.0	0.0	0.0	15.9687194227	0.0	0.0	0.0	0.0	0.0	0.0	15.9687194227	0.0	0.0	15.9687194227	15.9687194227	0.0	0.0	0.0	15.8745078664	0.0	0.0	15.9687194227	0.0	0.0	0.0	0.0	0.0	0.0	0.0	15.9687194227	0.0	0.0	0.0	0.0	0.0	0.0	0.0	0.0	0.0	0.0	0.0	0.0	0.0	0.0	15.9687194227	0.0	0.0	0.0	0.0	0.0	0.0	0.0	13.7840487521	0.0	0.0	0.0	
0.0	0.0	0.0	0.0	0.0	15.9687194227	0.0	0.0	0.0	0.0	0.0	14.7986485869	0.0	0.0	15.9687194227	0.0	0.0	0.0	0.0	0.0	0.0	0.0	0.0	0.0	0.0	0.0	15.9687194227	0.0	0.0	0.0	13.1148770486	0.0	0.0	0.0	15.9687194227	0.0	0.0	0.0	15.8745078664	0.0	0.0	0.0	0.0	15.9687194227	0.0	15.9687194227	0.0	0.0	0.0	0.0	0.0	0.0	0.0	0.0	0.0	0.0	0.0	0.0	0.0	0.0	0.0	0.0	0.0	0.0	
0.0	0.0	0.0	15.9687194227	8.94427191	0.0	0.0	0.0	0.0	0.0	15.9687194227	0.0	12.1655250606	15.6524758425	0.0	0.0	0.0	0.0	15.9687194227	15.2643375225	0.0	0.0	0.0	0.0	0.0	0.0	0.0	15.6843871414	0.0	0.0	0.0	0.0	0.0	0.0	15.9687194227	0.0	15.9687194227	0.0	0.0	0.0	0.0	0.0	15.9687194227	0.0	5.0	0.0	0.0	0.0	0.0	0.0	15.9687194227	11.874342087	15.9687194227	0.0	0.0	0.0	0.0	0.0	0.0	0.0	0.0	0.0	0.0	0.0	
0.0	0.0	0.0	0.0	0.0	0.0	0.0	0.0	0.0	0.0	0.0	5.65685424949	15.9687194227	0.0	0.0	0.0	0.0	0.0	0.0	0.0	0.0	0.0	0.0	0.0	0.0	0.0	15.9687194227	0.0	15.9687194227	0.0	0.0	0.0	0.0	0.0	0.0	15.9687194227	0.0	0.0	0.0	0.0	0.0	0.0	0.0	0.0	0.0	0.0	0.0	0.0	0.0	0.0	0.0	0.0	13.4907375632	0.0	0.0	0.0	0.0	0.0	0.0	0.0	4.35889894354	0.0	0.0	0.0	
0.0	0.0	0.0	0.0	0.0	0.0	0.0	0.0	0.0	0.0	0.0	0.0	0.0	0.0	0.0	0.0	0.0	0.0	0.0	0.0	0.0	0.0	0.0	0.0	0.0	0.0	0.0	15.9687194227	0.0	0.0	0.0	0.0	0.0	0.0	0.0	10.9087121146	0.0	0.0	0.0	0.0	0.0	0.0	0.0	0.0	0.0	0.0	0.0	0.0	0.0	0.0	15.9687194227	0.0	0.0	0.0	0.0	0.0	0.0	0.0	15.9687194227	0.0	0.0	0.0	0.0	0.0	
0.0	0.0	0.0	0.0	0.0	0.0	0.0	0.0	0.0	0.0	0.0	0.0	0.0	10.7238052948	0.0	0.0	0.0	0.0	0.0	15.9687194227	0.0	0.0	0.0	0.0	0.0	0.0	0.0	0.0	0.0	0.0	0.0	0.0	0.0	15.9687194227	15.9687194227	15.9687194227	15.9687194227	15.9687194227	0.0	0.0	0.0	0.0	0.0	0.0	0.0	0.0	8.18535277187	0.0	0.0	0.0	0.0	0.0	0.0	15.9687194227	0.0	0.0	0.0	0.0	0.0	0.0	0.0	0.0	0.0	0.0	
0.0	0.0	0.0	0.0	0.0	0.0	0.0	0.0	0.0	0.0	0.0	15.9687194227	0.0	0.0	0.0	0.0	0.0	0.0	14.3527000944	0.0	15.9687194227	0.0	0.0	0.0	0.0	0.0	15.9687194227	0.0	15.9687194227	0.0	0.0	0.0	0.0	0.0	15.9687194227	0.0	15.9687194227	0.0	0.0	0.0	0.0	0.0	15.9687194227	0.0	15.9687194227	0.0	0.0	0.0	0.0	0.0	0.0	0.0	0.0	0.0	0.0	0.0	0.0	0.0	0.0	0.0	0.0	0.0	0.0	0.0	
0.0	0.0	0.0	0.0	0.0	0.0	0.0	0.0	0.0	0.0	0.0	0.0	0.0	0.0	0.0	0.0	0.0	0.0	0.0	15.9687194227	0.0	15.9687194227	0.0	0.0	0.0	0.0	15.9687194227	0.0	0.0	15.9687194227	0.0	0.0	0.0	0.0	0.0	0.0	0.0	15.9687194227	0.0	0.0	0.0	0.0	0.0	0.0	0.0	15.9687194227	15.9687194227	0.0	0.0	0.0	0.0	0.0	0.0	15.9687194227	0.0	0.0	0.0	0.0	0.0	0.0	0.0	0.0	0.0	0.0	
0.0	0.0	0.0	0.0	0.0	0.0	0.0	0.0	0.0	0.0	0.0	15.9687194227	15.9059737206	0.0	0.0	0.0	0.0	0.0	0.0	0.0	0.0	15.9687194227	0.0	0.0	0.0	0.0	12.6095202129	0.0	0.0	0.0	0.0	0.0	0.0	0.0	14.5602197786	0.0	0.0	0.0	0.0	0.0	0.0	0.0	0.0	11.7046999107	0.0	15.9687194227	0.0	0.0	0.0	0.0	0.0	0.0	0.0	0.0	0.0	0.0	0.0	0.0	0.0	0.0	0.0	0.0	0.0	0.0	
0.0	0.0	0.0	0.0	0.0	0.0	0.0	0.0	0.0	0.0	0.0	0.0	0.0	0.0	0.0	0.0	0.0	0.0	0.0	0.0	0.0	0.0	0.0	0.0	0.0	0.0	13.152946438	0.0	0.0	0.0	0.0	0.0	0.0	0.0	0.0	0.0	15.9687194227	0.0	0.0	0.0	0.0	0.0	0.0	0.0	0.0	0.0	0.0	0.0	0.0	0.0	0.0	0.0	0.0	0.0	0.0	0.0	0.0	0.0	0.0	0.0	0.0	0.0	0.0	0.0	
0.0	0.0	0.0	0.0	0.0	0.0	0.0	0.0	0.0	0.0	0.0	0.0	0.0	0.0	0.0	0.0	0.0	0.0	0.0	15.9687194227	15.9687194227	15.9687194227	0.0	0.0	0.0	0.0	15.9687194227	0.0	0.0	0.0	0.0	0.0	0.0	15.9687194227	0.0	0.0	0.0	0.0	0.0	0.0	0.0	0.0	0.0	0.0	0.0	0.0	0.0	0.0	0.0	0.0	0.0	15.9687194227	0.0	0.0	0.0	0.0	0.0	0.0	7.74596669241	0.0	0.0	0.0	0.0	0.0	
0.0	0.0	0.0	0.0	0.0	0.0	0.0	0.0	0.0	0.0	0.0	0.0	15.9687194227	0.0	0.0	0.0	0.0	0.0	0.0	0.0	0.0	0.0	0.0	0.0	0.0	0.0	0.0	13.8202749611	0.0	0.0	0.0	0.0	0.0	0.0	15.9687194227	0.0	15.9687194227	0.0	0.0	0.0	0.0	0.0	0.0	0.0	15.9687194227	0.0	0.0	0.0	0.0	0.0	15.9687194227	15.9687194227	0.0	0.0	0.0	0.0	0.0	0.0	0.0	0.0	0.0	0.0	0.0	0.0	
0.0	0.0	15.9687194227	0.0	0.0	0.0	0.0	0.0	0.0	0.0	0.0	0.0	0.0	0.0	0.0	0.0	0.0	15.7162336455	0.0	0.0	0.0	10.9544511501	0.0	0.0	15.9687194227	0.0	0.0	0.0	0.0	0.0	0.0	0.0	0.0	0.0	0.0	0.0	0.0	0.0	0.0	0.0	0.0	15.9687194227	15.9687194227	9.74679434481	4.0	0.0	0.0	4.58257569496	0.0	0.0	0.0	0.0	15.9687194227	0.0	0.0	0.0	0.0	0.0	0.0	0.0	0.0	0.0	0.0	0.0	
0.0	0.0	0.0	0.0	0.0	0.0	0.0	0.0	0.0	0.0	0.0	0.0	0.0	15.9687194227	0.0	0.0	0.0	0.0	0.0	0.0	7.07106781187	0.0	0.0	0.0	0.0	0.0	15.9687194227	0.0	0.0	0.0	0.0	0.0	0.0	15.9687194227	15.9687194227	15.9687194227	0.0	0.0	0.0	0.0	0.0	0.0	0.0	0.0	15.9687194227	0.0	0.0	0.0	5.19615242271	0.0	6.2449979984	11.8321595662	0.0	0.0	0.0	0.0	0.0	0.0	0.0	0.0	0.0	0.0	0.0	0.0	
0.0	0.0	0.0	0.0	0.0	0.0	0.0	0.0	0.0	0.0	0.0	15.3622914957	15.9687194227	15.9687194227	0.0	0.0	0.0	0.0	0.0	0.0	0.0	0.0	0.0	0.0	0.0	0.0	15.8745078664	0.0	0.0	0.0	0.0	0.0	0.0	0.0	0.0	0.0	0.0	14.8323969742	0.0	0.0	0.0	0.0	0.0	0.0	0.0	15.9687194227	0.0	0.0	0.0	0.0	0.0	0.0	0.0	0.0	0.0	0.0	0.0	0.0	0.0	0.0	0.0	0.0	0.0	0.0	
0.0	0.0	0.0	0.0	0.0	0.0	0.0	0.0	0.0	0.0	0.0	0.0	0.0	0.0	0.0	0.0	0.0	0.0	0.0	15.9687194227	0.0	0.0	0.0	0.0	0.0	0.0	15.9687194227	0.0	0.0	15.9687194227	0.0	0.0	7.07106781187	0.0	0.0	0.0	0.0	15.9687194227	0.0	0.0	0.0	0.0	0.0	0.0	0.0	15.9687194227	0.0	0.0	0.0	0.0	0.0	0.0	0.0	15.9687194227	0.0	0.0	0.0	0.0	0.0	0.0	0.0	0.0	0.0	0.0	
0.0	0.0	0.0	0.0	15.9687194227	9.89949493661	0.0	0.0	0.0	0.0	0.0	0.0	0.0	9.43398113206	0.0	0.0	0.0	0.0	0.0	0.0	0.0	15.8745078664	0.0	0.0	0.0	0.0	0.0	0.0	15.9687194227	0.0	0.0	0.0	0.0	0.0	0.0	0.0	0.0	0.0	0.0	0.0	0.0	0.0	0.0	0.0	0.0	0.0	15.9687194227	0.0	0.0	0.0	0.0	0.0	2.64575131106	15.9687194227	0.0	0.0	0.0	0.0	0.0	0.0	0.0	0.0	0.0	0.0	
0.0	0.0	0.0	0.0	0.0	0.0	0.0	0.0	0.0	0.0	0.0	0.0	0.0	0.0	0.0	0.0	0.0	0.0	0.0	9.38083151965	0.0	0.0	0.0	0.0	0.0	0.0	15.9687194227	0.0	0.0	0.0	0.0	0.0	0.0	15.9687194227	10.1488915651	9.11043357914	15.9687194227	0.0	0.0	0.0	0.0	15.9687194227	0.0	0.0	15.9687194227	0.0	0.0	0.0	0.0	0.0	0.0	0.0	0.0	0.0	0.0	0.0	0.0	0.0	0.0	0.0	0.0	0.0	0.0	0.0	
0.0	0.0	0.0	0.0	0.0	0.0	0.0	0.0	0.0	0.0	0.0	0.0	15.9687194227	15.9687194227	5.56776436283	0.0	0.0	0.0	15.9687194227	0.0	0.0	0.0	15.9687194227	0.0	0.0	0.0	0.0	0.0	0.0	15.8113883008	2.44948974278	0.0	0.0	15.9687194227	15.9687194227	15.9687194227	15.9373774505	0.0	0.0	0.0	0.0	0.0	0.0	0.0	0.0	15.9687194227	0.0	0.0	0.0	0.0	0.0	0.0	15.9687194227	0.0	0.0	0.0	0.0	0.0	0.0	0.0	0.0	0.0	0.0	0.0	
0.0	0.0	0.0	0.0	0.0	0.0	0.0	0.0	0.0	0.0	0.0	15.3297097168	8.77496438739	15.9687194227	15.9687194227	0.0	0.0	0.0	0.0	0.0	0.0	0.0	0.0	0.0	0.0	0.0	0.0	0.0	15.9687194227	0.0	0.0	0.0	0.0	0.0	0.0	0.0	0.0	0.0	0.0	0.0	0.0	0.0	0.0	0.0	0.0	0.0	0.0	0.0	0.0	0.0	15.9687194227	0.0	13.2664991614	0.0	0.0	0.0	0.0	0.0	0.0	0.0	0.0	0.0	0.0	0.0	
0.0	0.0	0.0	0.0	0.0	0.0	0.0	0.0	0.0	0.0	0.0	0.0	0.0	0.0	0.0	0.0	0.0	0.0	0.0	15.9687194227	0.0	0.0	0.0	0.0	0.0	0.0	15.9687194227	0.0	0.0	0.0	0.0	0.0	0.0	15.5563491861	0.0	0.0	0.0	14.7648230602	0.0	0.0	0.0	0.0	0.0	0.0	0.0	15.9687194227	0.0	0.0	0.0	0.0	0.0	0.0	0.0	15.9687194227	0.0	0.0	0.0	0.0	0.0	0.0	0.0	15.9687194227	0.0	0.0	
0.0	0.0	0.0	0.0	0.0	0.0	0.0	0.0	0.0	0.0	0.0	9.21954445729	14.5258390463	15.9687194227	0.0	0.0	0.0	0.0	0.0	3.0	0.0	0.0	15.9687194227	0.0	0.0	0.0	0.0	0.0	0.0	0.0	15.9687194227	0.0	0.0	0.0	10.6301458127	0.0	0.0	0.0	15.9373774505	0.0	0.0	0.0	0.0	4.69041575982	0.0	15.9687194227	0.0	0.0	0.0	0.0	0.0	0.0	0.0	0.0	0.0	0.0	0.0	0.0	0.0	0.0	0.0	0.0	0.0	0.0	
0.0	0.0	0.0	0.0	0.0	0.0	0.0	0.0	0.0	0.0	15.9687194227	15.9687194227	0.0	0.0	0.0	0.0	0.0	0.0	15.9687194227	15.9687194227	0.0	0.0	0.0	0.0	0.0	0.0	15.9687194227	0.0	0.0	0.0	0.0	0.0	0.0	15.9687194227	0.0	15.9687194227	0.0	0.0	0.0	0.0	0.0	10.5356537529	0.0	0.0	15.9687194227	0.0	0.0	0.0	0.0	0.0	15.9687194227	0.0	15.9687194227	0.0	0.0	0.0	0.0	0.0	0.0	15.9687194227	11.2694276696	0.0	0.0	0.0	
0.0	0.0	0.0	0.0	0.0	0.0	0.0	0.0	0.0	0.0	0.0	0.0	0.0	15.9687194227	0.0	0.0	0.0	0.0	0.0	0.0	13.9642400438	0.0	0.0	0.0	0.0	0.0	0.0	0.0	15.9687194227	0.0	0.0	0.0	0.0	0.0	0.0	0.0	15.9687194227	0.0	0.0	2.2360679775	0.0	0.0	0.0	0.0	0.0	11.0453610172	0.0	15.9687194227	0.0	0.0	0.0	0.0	0.0	0.0	0.0	0.0	0.0	0.0	0.0	0.0	0.0	0.0	0.0	0.0	
0.0	0.0	0.0	0.0	0.0	0.0	0.0	0.0	0.0	0.0	15.9687194227	15.9687194227	0.0	0.0	0.0	0.0	0.0	0.0	0.0	0.0	3.16227766017	0.0	0.0	0.0	0.0	0.0	0.0	15.9373774505	0.0	0.0	0.0	0.0	0.0	0.0	15.9687194227	0.0	0.0	0.0	0.0	0.0	0.0	0.0	15.9687194227	0.0	15.9687194227	0.0	0.0	0.0	0.0	0.0	0.0	12.6491106407	15.9687194227	0.0	0.0	0.0	0.0	0.0	0.0	0.0	0.0	0.0	0.0	0.0	
0.0	0.0	0.0	0.0	0.0	0.0	0.0	0.0	0.0	0.0	0.0	15.9687194227	0.0	0.0	0.0	0.0	0.0	0.0	14.4913767462	0.0	0.0	0.0	0.0	0.0	0.0	0.0	2.0	0.0	0.0	0.0	0.0	0.0	0.0	15.9687194227	5.47722557505	0.0	0.0	0.0	0.0	0.0	0.0	0.0	0.0	0.0	15.9687194227	0.0	0.0	0.0	0.0	0.0	0.0	0.0	2.2360679775	0.0	0.0	0.0	0.0	0.0	0.0	0.0	0.0	0.0	0.0	0.0	
0.0	0.0	0.0	0.0	0.0	0.0	0.0	0.0	0.0	0.0	0.0	0.0	15.9687194227	0.0	0.0	0.0	0.0	0.0	0.0	15.9687194227	0.0	15.9687194227	0.0	0.0	0.0	0.0	0.0	0.0	0.0	0.0	0.0	0.0	0.0	0.0	0.0	0.0	0.0	15.9687194227	0.0	0.0	0.0	0.0	0.0	0.0	15.9687194227	0.0	0.0	0.0	0.0	0.0	6.48074069841	0.0	0.0	0.0	0.0	0.0	0.0	0.0	0.0	0.0	0.0	0.0	0.0	0.0	
0.0	0.0	0.0	0.0	0.0	0.0	0.0	0.0	0.0	0.0	0.0	15.9687194227	0.0	0.0	0.0	0.0	0.0	0.0	0.0	0.0	15.9687194227	0.0	0.0	0.0	0.0	0.0	0.0	0.0	4.12310562562	0.0	0.0	0.0	0.0	0.0	0.0	0.0	15.9687194227	0.0	0.0	0.0	0.0	15.9687194227	15.9687194227	12.9228479833	0.0	0.0	0.0	0.0	0.0	0.0	0.0	0.0	0.0	0.0	0.0	15.9687194227	0.0	0.0	0.0	0.0	0.0	0.0	0.0	0.0	
0.0	0.0	0.0	0.0	0.0	0.0	0.0	0.0	0.0	0.0	0.0	0.0	15.9687194227	0.0	0.0	0.0	0.0	0.0	0.0	5.0	15.9687194227	15.9687194227	15.9687194227	0.0	0.0	0.0	0.0	15.9687194227	15.9687194227	0.0	0.0	0.0	0.0	0.0	0.0	0.0	0.0	0.0	0.0	0.0	0.0	0.0	0.0	0.0	0.0	0.0	0.0	0.0	0.0	0.0	0.0	0.0	0.0	0.0	0.0	0.0	0.0	0.0	0.0	0.0	0.0	0.0	0.0	0.0	
0.0	0.0	0.0	0.0	0.0	0.0	0.0	0.0	0.0	0.0	0.0	0.0	0.0	0.0	0.0	0.0	0.0	0.0	0.0	14.7986485869	0.0	0.0	0.0	0.0	0.0	0.0	0.0	15.9687194227	0.0	0.0	0.0	0.0	0.0	0.0	0.0	15.9687194227	0.0	0.0	0.0	0.0	0.0	0.0	0.0	0.0	0.0	0.0	0.0	0.0	0.0	0.0	0.0	0.0	0.0	0.0	0.0	0.0	0.0	0.0	0.0	0.0	0.0	0.0	0.0	0.0	
0.0	0.0	0.0	0.0	0.0	0.0	0.0	0.0	0.0	0.0	0.0	0.0	15.9687194227	0.0	0.0	0.0	0.0	0.0	0.0	15.9687194227	0.0	15.9687194227	0.0	0.0	0.0	0.0	15.9687194227	0.0	0.0	0.0	0.0	0.0	0.0	0.0	9.79795897113	15.9687194227	0.0	0.0	0.0	0.0	0.0	0.0	0.0	0.0	0.0	0.0	0.0	0.0	0.0	15.9687194227	0.0	0.0	7.87400787401	0.0	0.0	0.0	0.0	0.0	0.0	0.0	0.0	0.0	0.0	0.0	
0.0	0.0	0.0	15.7797338381	15.9687194227	4.472135955	0.0	0.0	0.0	0.0	0.0	0.0	0.0	0.0	0.0	0.0	0.0	0.0	0.0	0.0	0.0	0.0	0.0	0.0	0.0	0.0	0.0	15.9687194227	15.9687194227	15.9687194227	0.0	0.0	0.0	0.0	0.0	0.0	0.0	11.313708499	0.0	0.0	0.0	0.0	0.0	0.0	0.0	15.9687194227	0.0	0.0	0.0	8.60232526704	13.0384048104	0.0	15.9687194227	0.0	0.0	0.0	0.0	0.0	0.0	0.0	0.0	0.0	0.0	0.0	
0.0	0.0	15.2970585408	15.9687194227	15.9687194227	0.0	0.0	0.0	0.0	0.0	0.0	0.0	0.0	0.0	0.0	0.0	0.0	0.0	7.34846922835	0.0	0.0	0.0	0.0	0.0	0.0	0.0	0.0	15.9687194227	4.0	0.0	0.0	0.0	0.0	0.0	0.0	0.0	15.9687194227	0.0	0.0	0.0	0.0	0.0	0.0	0.0	15.9687194227	0.0	0.0	0.0	0.0	15.9687194227	0.0	0.0	0.0	0.0	0.0	0.0	0.0	0.0	0.0	0.0	0.0	0.0	0.0	0.0	
0.0	0.0	0.0	0.0	0.0	0.0	0.0	0.0	0.0	0.0	0.0	15.9687194227	15.9687194227	15.9687194227	15.9687194227	0.0	0.0	0.0	0.0	0.0	0.0	0.0	13.3416640641	0.0	0.0	0.0	10.5356537529	0.0	0.0	0.0	0.0	0.0	0.0	0.0	5.09901951359	0.0	0.0	15.9687194227	0.0	0.0	0.0	0.0	0.0	0.0	0.0	0.0	0.0	0.0	0.0	0.0	0.0	0.0	11.8321595662	0.0	0.0	0.0	0.0	0.0	0.0	0.0	15.9687194227	0.0	0.0	0.0	
0.0	0.0	0.0	15.9687194227	0.0	0.0	0.0	0.0	0.0	15.9687194227	0.0	0.0	0.0	0.0	0.0	0.0	0.0	0.0	0.0	0.0	0.0	15.9687194227	0.0	0.0	0.0	0.0	0.0	0.0	0.0	15.9687194227	0.0	0.0	0.0	0.0	0.0	0.0	0.0	14.5945195193	0.0	0.0	0.0	15.9687194227	15.9687194227	12.124355653	0.0	0.0	0.0	0.0	0.0	0.0	0.0	0.0	0.0	0.0	0.0	0.0	0.0	0.0	0.0	0.0	0.0	0.0	0.0	0.0	
0.0	0.0	0.0	0.0	0.0	0.0	0.0	0.0	0.0	0.0	0.0	0.0	0.0	0.0	0.0	0.0	0.0	0.0	0.0	0.0	0.0	0.0	0.0	0.0	0.0	0.0	0.0	0.0	0.0	15.9687194227	0.0	0.0	0.0	0.0	0.0	0.0	0.0	15.9687194227	0.0	0.0	0.0	0.0	0.0	0.0	0.0	10.0498756211	0.0	0.0	15.9687194227	10.4880884817	15.9687194227	13.7840487521	14.2828568571	0.0	0.0	0.0	0.0	0.0	0.0	0.0	0.0	2.82842712475	15.9687194227	15.3948043183	
0.0	0.0	0.0	0.0	0.0	0.0	0.0	0.0	0.0	0.0	5.47722557505	15.9687194227	0.0	0.0	0.0	0.0	0.0	0.0	8.66025403784	0.0	0.0	0.0	0.0	0.0	0.0	0.0	0.0	0.0	15.9687194227	0.0	0.0	0.0	0.0	0.0	0.0	15.8745078664	0.0	0.0	0.0	0.0	0.0	0.0	0.0	0.0	0.0	0.0	0.0	0.0	0.0	0.0	11.874342087	0.0	0.0	0.0	0.0	0.0	0.0	15.9687194227	0.0	0.0	0.0	0.0	0.0	0.0	
0.0	0.0	0.0	0.0	0.0	0.0	0.0	0.0	0.0	0.0	0.0	0.0	15.9687194227	0.0	0.0	0.0	0.0	0.0	0.0	15.9687194227	0.0	15.9687194227	0.0	0.0	0.0	0.0	15.9687194227	0.0	0.0	15.9687194227	0.0	0.0	0.0	0.0	15.9687194227	15.9687194227	15.9687194227	15.9687194227	15.9687194227	15.9687194227	0.0	0.0	0.0	0.0	0.0	0.0	0.0	0.0	0.0	0.0	0.0	0.0	0.0	0.0	0.0	0.0	0.0	0.0	0.0	0.0	0.0	0.0	0.0	0.0	
0.0	0.0	0.0	0.0	0.0	0.0	0.0	0.0	0.0	0.0	0.0	15.8113883008	15.9687194227	9.38083151965	0.0	0.0	0.0	0.0	0.0	15.9687194227	0.0	0.0	15.9687194227	0.0	0.0	0.0	0.0	15.9687194227	0.0	0.0	0.0	15.9687194227	0.0	0.0	0.0	14.0	0.0	0.0	5.29150262213	3.60555127546	0.0	0.0	0.0	15.9687194227	15.9687194227	0.0	0.0	0.0	0.0	0.0	0.0	0.0	0.0	0.0	0.0	0.0	0.0	0.0	0.0	0.0	0.0	0.0	0.0	0.0	
0.0	0.0	0.0	4.79583152331	0.0	0.0	0.0	0.0	0.0	0.0	0.0	9.64365076099	13.416407865	15.9687194227	0.0	0.0	0.0	0.0	15.9687194227	0.0	0.0	0.0	0.0	0.0	0.0	0.0	0.0	0.0	15.9687194227	0.0	0.0	0.0	0.0	0.0	0.0	0.0	0.0	6.8556546004	0.0	0.0	0.0	15.9687194227	0.0	0.0	0.0	0.0	0.0	0.0	0.0	0.0	0.0	15.9687194227	0.0	15.9687194227	0.0	0.0	0.0	0.0	0.0	0.0	0.0	0.0	0.0	0.0	
0.0	0.0	0.0	0.0	0.0	0.0	0.0	0.0	0.0	0.0	0.0	15.9687194227	0.0	0.0	0.0	0.0	0.0	0.0	0.0	14.7986485869	0.0	0.0	0.0	0.0	0.0	0.0	0.0	10.3923048454	15.9687194227	0.0	0.0	0.0	0.0	0.0	0.0	0.0	0.0	15.9687194227	0.0	0.0	0.0	0.0	0.0	0.0	0.0	15.9687194227	0.0	0.0	0.0	0.0	0.0	15.9687194227	15.9687194227	0.0	0.0	0.0	0.0	0.0	0.0	0.0	0.0	0.0	0.0	0.0	
0.0	0.0	0.0	0.0	15.9687194227	15.9687194227	15.9687194227	0.0	0.0	0.0	0.0	15.9687194227	0.0	0.0	15.9687194227	0.0	0.0	0.0	0.0	0.0	0.0	0.0	8.77496438739	0.0	0.0	0.0	0.0	0.0	0.0	0.0	0.0	0.0	0.0	0.0	0.0	0.0	0.0	15.9687194227	0.0	0.0	0.0	0.0	0.0	0.0	0.0	0.0	0.0	0.0	0.0	0.0	0.0	0.0	15.9687194227	0.0	0.0	0.0	0.0	0.0	0.0	15.9687194227	0.0	0.0	0.0	0.0	
0.0	0.0	0.0	0.0	0.0	0.0	0.0	0.0	0.0	0.0	0.0	0.0	15.9687194227	0.0	0.0	0.0	0.0	0.0	5.74456264654	0.0	0.0	0.0	0.0	0.0	0.0	0.0	0.0	0.0	0.0	0.0	0.0	0.0	0.0	0.0	0.0	0.0	0.0	0.0	0.0	0.0	0.0	0.0	0.0	0.0	15.9687194227	0.0	0.0	0.0	0.0	3.87298334621	15.9687194227	7.34846922835	15.9687194227	15.8745078664	0.0	0.0	0.0	0.0	0.0	0.0	0.0	0.0	0.0	0.0	
0.0	0.0	0.0	15.9687194227	15.9687194227	15.9687194227	0.0	0.0	0.0	0.0	0.0	4.79583152331	0.0	15.9687194227	0.0	0.0	0.0	0.0	10.0498756211	0.0	0.0	13.1909059583	0.0	0.0	0.0	0.0	0.0	0.0	4.58257569496	0.0	0.0	0.0	0.0	0.0	0.0	0.0	15.9687194227	0.0	0.0	0.0	0.0	0.0	0.0	0.0	0.0	0.0	0.0	0.0	0.0	0.0	0.0	15.4272486205	0.0	0.0	0.0	0.0	0.0	0.0	0.0	15.9687194227	0.0	0.0	0.0	0.0	
0.0	0.0	0.0	0.0	0.0	0.0	0.0	0.0	0.0	0.0	0.0	0.0	0.0	0.0	0.0	0.0	0.0	0.0	0.0	15.2643375225	15.9687194227	0.0	0.0	0.0	0.0	0.0	15.9687194227	0.0	0.0	15.9687194227	0.0	0.0	0.0	0.0	8.30662386292	0.0	0.0	14.3178210633	0.0	0.0	0.0	0.0	0.0	0.0	0.0	15.9059737206	0.0	0.0	0.0	0.0	12.9228479833	0.0	1.41421356237	15.0996688705	0.0	0.0	0.0	0.0	0.0	0.0	0.0	0.0	0.0	0.0	
0.0	0.0	0.0	15.9687194227	15.9687194227	0.0	0.0	0.0	0.0	0.0	6.0	0.0	0.0	15.9687194227	0.0	0.0	0.0	0.0	15.9687194227	0.0	0.0	0.0	0.0	0.0	0.0	0.0	0.0	0.0	0.0	0.0	0.0	0.0	0.0	0.0	0.0	0.0	0.0	0.0	0.0	0.0	0.0	0.0	0.0	0.0	15.9687194227	0.0	0.0	0.0	0.0	0.0	0.0	0.0	15.9687194227	0.0	0.0	0.0	0.0	0.0	0.0	0.0	15.9687194227	0.0	0.0	0.0	
0.0	0.0	0.0	0.0	0.0	0.0	0.0	0.0	0.0	0.0	0.0	15.9687194227	0.0	0.0	0.0	0.0	0.0	0.0	0.0	0.0	0.0	0.0	0.0	0.0	0.0	0.0	0.0	0.0	0.0	0.0	0.0	0.0	0.0	0.0	0.0	15.9687194227	0.0	5.65685424949	15.9687194227	0.0	0.0	15.9687194227	0.0	0.0	0.0	0.0	0.0	0.0	0.0	0.0	15.9687194227	15.9687194227	0.0	0.0	15.9687194227	0.0	0.0	0.0	0.0	0.0	0.0	0.0	0.0	0.0	
0.0	0.0	0.0	0.0	0.0	0.0	0.0	0.0	0.0	0.0	0.0	0.0	15.9687194227	0.0	0.0	0.0	0.0	0.0	0.0	11.9163752878	0.0	12.7279220614	15.9687194227	0.0	0.0	0.0	0.0	15.9687194227	15.9687194227	0.0	0.0	0.0	0.0	0.0	0.0	0.0	0.0	15.9687194227	0.0	0.0	0.0	0.0	0.0	0.0	0.0	15.9687194227	0.0	0.0	0.0	0.0	0.0	0.0	0.0	0.0	0.0	0.0	0.0	0.0	0.0	9.53939201417	0.0	0.0	0.0	0.0	
0.0	0.0	0.0	0.0	0.0	0.0	0.0	0.0	0.0	0.0	0.0	0.0	0.0	0.0	7.87400787401	15.2970585408	0.0	0.0	0.0	5.74456264654	0.0	0.0	0.0	0.0	0.0	0.0	0.0	0.0	15.9687194227	0.0	0.0	0.0	0.0	15.6204993518	0.0	0.0	0.0	13.0384048104	0.0	0.0	0.0	0.0	15.9687194227	0.0	0.0	15.9687194227	0.0	0.0	0.0	0.0	0.0	15.9687194227	15.9687194227	15.9687194227	0.0	0.0	0.0	0.0	0.0	0.0	0.0	0.0	0.0	0.0	
0.0	0.0	0.0	15.9687194227	0.0	0.0	0.0	0.0	0.0	0.0	10.295630141	0.0	15.9687194227	0.0	0.0	0.0	0.0	0.0	0.0	0.0	15.9687194227	0.0	0.0	0.0	0.0	0.0	0.0	0.0	15.9687194227	0.0	0.0	0.0	0.0	15.9687194227	0.0	5.29150262213	0.0	0.0	0.0	0.0	0.0	0.0	0.0	15.9687194227	15.9687194227	0.0	0.0	0.0	0.0	0.0	0.0	0.0	0.0	0.0	0.0	0.0	0.0	0.0	0.0	0.0	0.0	0.0	0.0	0.0	
0.0	0.0	0.0	0.0	0.0	0.0	0.0	0.0	0.0	0.0	0.0	0.0	0.0	0.0	15.9687194227	0.0	0.0	0.0	0.0	15.3948043183	0.0	0.0	11.3578166916	0.0	0.0	0.0	13.0384048104	0.0	0.0	0.0	0.0	0.0	0.0	0.0	0.0	7.48331477355	15.9687194227	15.9687194227	15.9687194227	15.9687194227	0.0	0.0	0.0	0.0	0.0	15.9687194227	0.0	0.0	0.0	0.0	0.0	0.0	0.0	15.9687194227	0.0	0.0	0.0	0.0	0.0	0.0	0.0	15.9687194227	0.0	0.0	
0.0	0.0	0.0	0.0	0.0	0.0	0.0	0.0	0.0	0.0	0.0	15.9687194227	15.9687194227	15.9687194227	0.0	0.0	0.0	0.0	13.3416640641	0.0	0.0	11.9163752878	0.0	0.0	0.0	0.0	0.0	0.0	0.0	0.0	0.0	0.0	0.0	0.0	0.0	0.0	15.9687194227	0.0	0.0	0.0	0.0	0.0	0.0	0.0	0.0	0.0	0.0	0.0	0.0	0.0	0.0	0.0	0.0	0.0	0.0	0.0	0.0	0.0	0.0	0.0	0.0	0.0	0.0	0.0	
0.0	0.0	0.0	0.0	0.0	15.7162336455	0.0	0.0	0.0	0.0	0.0	0.0	15.9687194227	0.0	0.0	0.0	0.0	0.0	0.0	15.9687194227	0.0	0.0	0.0	0.0	0.0	0.0	15.9687194227	13.638181697	15.9687194227	12.7671453348	0.0	0.0	0.0	0.0	15.9687194227	0.0	0.0	0.0	14.6628782986	0.0	0.0	0.0	15.9687194227	2.0	0.0	0.0	0.0	0.0	0.0	0.0	0.0	0.0	0.0	0.0	0.0	0.0	0.0	0.0	0.0	0.0	0.0	0.0	0.0	0.0	
0.0	0.0	0.0	0.0	0.0	5.19615242271	0.0	0.0	0.0	0.0	0.0	0.0	0.0	0.0	15.9687194227	0.0	0.0	0.0	0.0	0.0	0.0	0.0	15.9687194227	0.0	0.0	0.0	0.0	0.0	0.0	0.0	7.34846922835	0.0	0.0	0.0	0.0	15.9687194227	15.9687194227	0.0	0.0	0.0	0.0	0.0	0.0	0.0	0.0	15.9687194227	0.0	0.0	0.0	15.9687194227	0.0	0.0	0.0	15.9687194227	0.0	0.0	0.0	0.0	0.0	3.87298334621	0.0	0.0	0.0	0.0	
0.0	0.0	0.0	0.0	0.0	0.0	0.0	0.0	0.0	0.0	0.0	0.0	3.0	3.46410161514	0.0	0.0	0.0	0.0	0.0	0.0	9.2736184955	0.0	0.0	0.0	0.0	0.0	0.0	0.0	0.0	0.0	0.0	0.0	0.0	0.0	0.0	12.409673646	0.0	0.0	0.0	0.0	0.0	0.0	0.0	0.0	0.0	0.0	0.0	0.0	0.0	0.0	0.0	0.0	15.9687194227	0.0	0.0	0.0	0.0	0.0	0.0	0.0	0.0	0.0	0.0	0.0	
0.0	0.0	0.0	15.9687194227	0.0	0.0	0.0	0.0	0.0	0.0	0.0	0.0	0.0	12.2474487139	0.0	0.0	0.0	0.0	0.0	0.0	0.0	0.0	0.0	0.0	0.0	15.9687194227	0.0	0.0	5.0	0.0	0.0	0.0	15.9687194227	0.0	0.0	0.0	15.9687194227	0.0	0.0	0.0	0.0	0.0	0.0	0.0	15.9687194227	8.18535277187	0.0	0.0	0.0	0.0	0.0	0.0	15.9687194227	0.0	0.0	0.0	0.0	0.0	0.0	0.0	2.2360679775	0.0	0.0	0.0	
0.0	0.0	15.9687194227	15.9687194227	4.69041575982	0.0	0.0	0.0	0.0	0.0	14.8996644258	0.0	13.8202749611	0.0	0.0	0.0	0.0	0.0	0.0	15.9687194227	0.0	0.0	0.0	0.0	0.0	0.0	0.0	0.0	0.0	0.0	0.0	0.0	0.0	0.0	0.0	0.0	15.9687194227	0.0	0.0	0.0	0.0	0.0	0.0	0.0	0.0	0.0	0.0	0.0	0.0	0.0	0.0	15.9687194227	15.9687194227	0.0	0.0	0.0	0.0	0.0	0.0	0.0	0.0	0.0	0.0	0.0	
0.0	0.0	0.0	0.0	0.0	0.0	0.0	0.0	0.0	0.0	0.0	0.0	0.0	0.0	0.0	0.0	0.0	0.0	0.0	0.0	0.0	15.9687194227	0.0	0.0	0.0	0.0	0.0	0.0	0.0	15.9687194227	0.0	0.0	0.0	0.0	0.0	0.0	0.0	0.0	0.0	0.0	0.0	0.0	0.0	12.2065556157	0.0	0.0	0.0	0.0	0.0	15.9687194227	0.0	0.0	15.9687194227	15.9687194227	0.0	0.0	0.0	0.0	0.0	0.0	0.0	0.0	0.0	15.9687194227	
0.0	0.0	0.0	0.0	0.0	0.0	0.0	0.0	0.0	0.0	0.0	0.0	0.0	0.0	0.0	0.0	0.0	0.0	15.9687194227	8.54400374532	0.0	0.0	0.0	0.0	0.0	0.0	0.0	15.9687194227	0.0	0.0	0.0	0.0	0.0	0.0	0.0	0.0	15.9687194227	0.0	0.0	0.0	0.0	0.0	15.8429795178	0.0	15.9687194227	0.0	0.0	0.0	0.0	0.0	0.0	0.0	0.0	0.0	0.0	0.0	0.0	0.0	0.0	0.0	0.0	0.0	0.0	0.0	
0.0	0.0	0.0	0.0	15.1657508881	0.0	0.0	0.0	0.0	0.0	0.0	15.9687194227	15.9687194227	0.0	0.0	0.0	0.0	0.0	0.0	0.0	13.1909059583	0.0	0.0	0.0	0.0	0.0	0.0	0.0	0.0	0.0	0.0	0.0	0.0	0.0	0.0	0.0	0.0	0.0	0.0	0.0	0.0	0.0	0.0	0.0	0.0	0.0	0.0	0.0	0.0	15.9687194227	13.4907375632	0.0	0.0	0.0	0.0	0.0	0.0	0.0	0.0	0.0	0.0	0.0	1.41421356237	0.0	
0.0	0.0	0.0	0.0	0.0	0.0	0.0	0.0	0.0	0.0	0.0	15.9687194227	15.9687194227	0.0	0.0	0.0	0.0	0.0	15.9687194227	0.0	0.0	0.0	0.0	0.0	0.0	0.0	0.0	0.0	0.0	15.4919333848	0.0	0.0	0.0	0.0	0.0	0.0	0.0	0.0	0.0	0.0	0.0	0.0	15.6843871414	15.9687194227	0.0	0.0	0.0	0.0	0.0	0.0	0.0	0.0	0.0	0.0	0.0	0.0	0.0	0.0	0.0	0.0	0.0	0.0	0.0	0.0	
0.0	0.0	0.0	0.0	0.0	0.0	0.0	0.0	0.0	0.0	0.0	0.0	0.0	14.6969384567	0.0	0.0	0.0	0.0	0.0	0.0	0.0	0.0	0.0	0.0	0.0	0.0	15.9687194227	15.9687194227	15.9687194227	14.9331845231	0.0	0.0	0.0	0.0	0.0	0.0	0.0	15.9687194227	0.0	0.0	0.0	0.0	0.0	0.0	0.0	11.401754251	0.0	0.0	0.0	0.0	15.9687194227	15.9687194227	0.0	11.4455231423	0.0	0.0	0.0	0.0	0.0	0.0	0.0	0.0	0.0	0.0	
0.0	0.0	0.0	0.0	0.0	0.0	0.0	0.0	0.0	0.0	0.0	0.0	0.0	15.9373774505	0.0	0.0	0.0	0.0	0.0	0.0	0.0	6.32455532034	0.0	0.0	0.0	0.0	0.0	0.0	0.0	15.9687194227	0.0	0.0	0.0	0.0	0.0	0.0	0.0	15.9687194227	0.0	0.0	0.0	0.0	0.0	0.0	0.0	15.5563491861	0.0	0.0	0.0	0.0	0.0	0.0	0.0	15.3622914957	0.0	0.0	0.0	0.0	0.0	0.0	0.0	0.0	0.0	0.0	
0.0	0.0	0.0	0.0	0.0	0.0	0.0	0.0	0.0	0.0	15.9687194227	15.9687194227	15.9687194227	15.9687194227	0.0	0.0	0.0	0.0	0.0	0.0	0.0	15.1657508881	0.0	0.0	0.0	0.0	0.0	0.0	0.0	11.6189500386	0.0	0.0	0.0	0.0	15.9687194227	0.0	0.0	0.0	0.0	0.0	0.0	0.0	15.9687194227	0.0	0.0	0.0	0.0	0.0	0.0	0.0	4.472135955	0.0	0.0	0.0	0.0	0.0	0.0	0.0	0.0	0.0	0.0	0.0	0.0	0.0	
0.0	0.0	15.9687194227	15.9687194227	15.9687194227	0.0	0.0	0.0	0.0	0.0	0.0	0.0	0.0	13.8564064606	0.0	0.0	0.0	0.0	0.0	0.0	0.0	15.9687194227	0.0	0.0	0.0	0.0	15.9687194227	15.9687194227	15.9687194227	15.9687194227	0.0	0.0	0.0	0.0	0.0	0.0	0.0	15.9687194227	0.0	0.0	0.0	0.0	0.0	0.0	0.0	15.9687194227	0.0	0.0	0.0	0.0	0.0	0.0	0.0	0.0	0.0	0.0	0.0	0.0	0.0	0.0	0.0	0.0	0.0	0.0	
0.0	0.0	0.0	0.0	0.0	0.0	0.0	0.0	0.0	0.0	15.9687194227	0.0	0.0	0.0	0.0	0.0	0.0	0.0	15.9687194227	0.0	0.0	0.0	0.0	0.0	0.0	0.0	15.9687194227	0.0	0.0	0.0	0.0	0.0	0.0	0.0	15.9687194227	0.0	0.0	0.0	0.0	0.0	0.0	0.0	15.9687194227	0.0	0.0	0.0	0.0	0.0	0.0	0.0	15.9687194227	15.9687194227	15.9687194227	15.9687194227	0.0	0.0	0.0	0.0	0.0	0.0	0.0	0.0	0.0	0.0	
0.0	0.0	0.0	0.0	0.0	0.0	0.0	0.0	0.0	0.0	0.0	0.0	0.0	0.0	0.0	0.0	0.0	0.0	15.9687194227	0.0	0.0	0.0	0.0	0.0	0.0	0.0	15.9687194227	0.0	0.0	0.0	0.0	0.0	0.0	0.0	10.3440804328	0.0	0.0	0.0	15.9687194227	0.0	0.0	0.0	0.0	0.0	0.0	0.0	15.9687194227	0.0	0.0	0.0	0.0	0.0	0.0	0.0	15.9687194227	0.0	0.0	0.0	0.0	0.0	0.0	0.0	0.0	0.0	
0.0	0.0	0.0	0.0	0.0	0.0	0.0	0.0	0.0	0.0	0.0	0.0	0.0	13.0766968306	0.0	0.0	0.0	0.0	0.0	0.0	0.0	0.0	0.0	0.0	0.0	0.0	0.0	0.0	0.0	0.0	0.0	0.0	0.0	0.0	0.0	0.0	0.0	0.0	0.0	0.0	0.0	0.0	0.0	0.0	0.0	0.0	0.0	0.0	0.0	0.0	0.0	0.0	0.0	8.0622577483	0.0	0.0	0.0	0.0	0.0	0.0	0.0	0.0	0.0	0.0	
0.0	0.0	0.0	0.0	0.0	0.0	0.0	0.0	0.0	0.0	0.0	0.0	0.0	0.0	0.0	0.0	0.0	0.0	15.9687194227	0.0	5.29150262213	0.0	0.0	0.0	0.0	0.0	15.9687194227	0.0	15.1986841536	0.0	0.0	0.0	0.0	0.0	0.0	0.0	5.29150262213	0.0	0.0	0.0	0.0	0.0	0.0	0.0	5.29150262213	0.0	0.0	0.0	0.0	0.0	0.0	0.0	5.0	0.0	0.0	0.0	0.0	0.0	0.0	0.0	0.0	0.0	0.0	0.0	
0.0	0.0	0.0	0.0	0.0	0.0	0.0	0.0	0.0	0.0	15.9687194227	15.9687194227	15.2970585408	0.0	0.0	0.0	0.0	13.3041346957	0.0	0.0	15.9687194227	0.0	0.0	0.0	0.0	14.5945195193	0.0	0.0	15.9687194227	0.0	0.0	0.0	0.0	3.16227766017	15.9687194227	15.9687194227	15.9687194227	0.0	0.0	0.0	0.0	0.0	0.0	0.0	12.5299640861	0.0	0.0	0.0	0.0	0.0	0.0	0.0	12.8452325787	0.0	0.0	0.0	0.0	0.0	15.9687194227	0.0	13.7477270849	0.0	0.0	0.0	
0.0	0.0	0.0	0.0	0.0	0.0	0.0	0.0	0.0	0.0	15.9687194227	12.7279220614	0.0	0.0	0.0	0.0	0.0	0.0	0.0	11.874342087	0.0	0.0	0.0	0.0	0.0	0.0	0.0	13.2664991614	0.0	0.0	0.0	0.0	0.0	0.0	0.0	15.7797338381	0.0	0.0	0.0	0.0	0.0	0.0	0.0	15.9687194227	0.0	0.0	0.0	0.0	0.0	7.07106781187	7.0	15.9687194227	15.9687194227	15.9687194227	0.0	0.0	0.0	0.0	0.0	0.0	0.0	0.0	0.0	0.0	
0.0	0.0	0.0	0.0	0.0	0.0	0.0	0.0	0.0	15.9687194227	15.9687194227	15.9687194227	15.4272486205	0.0	0.0	0.0	0.0	0.0	0.0	0.0	0.0	0.0	15.9687194227	0.0	0.0	0.0	0.0	0.0	0.0	0.0	15.9687194227	0.0	0.0	0.0	0.0	0.0	0.0	0.0	0.0	0.0	0.0	0.0	15.9687194227	15.9687194227	15.9687194227	15.9687194227	0.0	0.0	0.0	0.0	0.0	0.0	0.0	0.0	0.0	0.0	0.0	0.0	0.0	0.0	0.0	0.0	0.0	0.0	
0.0	0.0	0.0	0.0	0.0	0.0	0.0	0.0	0.0	0.0	0.0	0.0	15.9687194227	0.0	0.0	0.0	0.0	0.0	0.0	13.7840487521	0.0	0.0	0.0	0.0	0.0	0.0	14.6969384567	0.0	0.0	0.0	0.0	0.0	0.0	0.0	0.0	15.9687194227	0.0	0.0	0.0	0.0	0.0	0.0	0.0	0.0	0.0	0.0	0.0	0.0	0.0	0.0	15.9687194227	15.9687194227	0.0	0.0	0.0	0.0	0.0	0.0	0.0	0.0	0.0	0.0	0.0	0.0	
0.0	0.0	15.8745078664	15.9687194227	0.0	0.0	0.0	0.0	0.0	0.0	0.0	0.0	15.9687194227	0.0	0.0	0.0	0.0	15.9687194227	0.0	11.2249721603	15.9687194227	0.0	0.0	0.0	0.0	0.0	0.0	0.0	15.8745078664	0.0	0.0	0.0	0.0	0.0	0.0	0.0	0.0	0.0	0.0	0.0	0.0	0.0	0.0	0.0	0.0	0.0	0.0	0.0	0.0	0.0	0.0	0.0	0.0	0.0	0.0	0.0	0.0	0.0	0.0	2.82842712475	0.0	0.0	0.0	0.0	
0.0	0.0	0.0	0.0	0.0	0.0	0.0	0.0	0.0	15.9687194227	15.9687194227	15.9687194227	0.0	0.0	0.0	0.0	0.0	0.0	0.0	0.0	15.9687194227	6.32455532034	0.0	0.0	0.0	12.9228479833	15.9687194227	0.0	15.9687194227	0.0	0.0	0.0	0.0	0.0	0.0	0.0	15.8113883008	0.0	0.0	0.0	0.0	0.0	0.0	0.0	0.0	0.0	0.0	0.0	0.0	0.0	0.0	0.0	0.0	0.0	0.0	0.0	0.0	0.0	0.0	0.0	0.0	0.0	0.0	0.0	
0.0	0.0	0.0	0.0	0.0	0.0	0.0	0.0	0.0	0.0	0.0	0.0	0.0	0.0	0.0	0.0	0.0	0.0	0.0	15.9687194227	0.0	0.0	0.0	0.0	0.0	0.0	0.0	0.0	0.0	0.0	0.0	0.0	0.0	15.9687194227	0.0	0.0	0.0	0.0	0.0	0.0	0.0	0.0	15.9687194227	15.9687194227	15.9687194227	0.0	0.0	0.0	0.0	0.0	0.0	0.0	0.0	0.0	0.0	0.0	0.0	0.0	0.0	0.0	0.0	0.0	0.0	0.0	
0.0	0.0	0.0	0.0	0.0	0.0	0.0	0.0	0.0	0.0	14.6969384567	0.0	15.9687194227	0.0	0.0	0.0	0.0	0.0	0.0	0.0	0.0	4.12310562562	0.0	0.0	0.0	0.0	0.0	0.0	0.0	15.9687194227	0.0	0.0	0.0	0.0	0.0	0.0	0.0	15.9687194227	0.0	0.0	0.0	0.0	0.0	0.0	14.8323969742	0.0	0.0	0.0	0.0	0.0	8.36660026534	6.16441400297	11.6189500386	12.7279220614	1.41421356237	0.0	0.0	0.0	0.0	0.0	0.0	0.0	0.0	0.0	
0.0	0.0	0.0	0.0	0.0	0.0	0.0	0.0	0.0	0.0	13.8564064606	0.0	15.9687194227	0.0	0.0	0.0	0.0	0.0	0.0	0.0	0.0	0.0	0.0	0.0	0.0	0.0	0.0	0.0	0.0	0.0	0.0	0.0	0.0	0.0	0.0	0.0	0.0	0.0	0.0	0.0	0.0	0.0	0.0	0.0	0.0	15.7797338381	0.0	0.0	0.0	0.0	15.9687194227	15.9687194227	15.9687194227	15.9687194227	15.9687194227	0.0	0.0	0.0	0.0	0.0	0.0	0.0	0.0	0.0	
0.0	0.0	15.7797338381	0.0	15.9687194227	0.0	0.0	0.0	0.0	15.9687194227	0.0	0.0	0.0	15.9687194227	13.9283882772	0.0	0.0	15.9687194227	0.0	0.0	15.9687194227	0.0	0.0	0.0	0.0	0.0	15.9687194227	0.0	0.0	0.0	0.0	0.0	0.0	0.0	0.0	15.9687194227	0.0	0.0	0.0	0.0	0.0	0.0	0.0	0.0	0.0	0.0	0.0	0.0	0.0	0.0	0.0	15.6204993518	15.8113883008	0.0	0.0	0.0	0.0	0.0	0.0	0.0	0.0	0.0	0.0	0.0	
0.0	0.0	0.0	0.0	0.0	0.0	0.0	0.0	0.0	0.0	0.0	0.0	15.9687194227	0.0	0.0	0.0	0.0	0.0	15.9687194227	0.0	0.0	0.0	0.0	0.0	0.0	15.9687194227	0.0	0.0	0.0	0.0	0.0	0.0	0.0	7.48331477355	7.48331477355	7.68114574787	9.38083151965	4.12310562562	0.0	0.0	0.0	0.0	0.0	0.0	0.0	0.0	0.0	0.0	0.0	0.0	0.0	0.0	0.0	0.0	0.0	0.0	0.0	0.0	0.0	0.0	0.0	0.0	0.0	0.0	
0.0	0.0	0.0	0.0	0.0	0.0	0.0	0.0	0.0	0.0	0.0	0.0	0.0	0.0	0.0	0.0	0.0	0.0	0.0	0.0	5.0	0.0	0.0	0.0	0.0	0.0	0.0	0.0	0.0	0.0	15.9687194227	0.0	0.0	0.0	0.0	0.0	0.0	0.0	15.9687194227	0.0	0.0	0.0	0.0	0.0	0.0	0.0	15.9687194227	0.0	0.0	0.0	0.0	0.0	15.9687194227	0.0	0.0	0.0	0.0	0.0	0.0	0.0	0.0	0.0	0.0	0.0	
0.0	0.0	0.0	0.0	0.0	0.0	0.0	0.0	0.0	0.0	0.0	2.2360679775	0.0	0.0	0.0	0.0	0.0	0.0	0.0	15.9687194227	0.0	0.0	0.0	0.0	0.0	0.0	15.9687194227	0.0	0.0	0.0	0.0	0.0	0.0	0.0	15.748015748	0.0	15.4919333848	0.0	0.0	0.0	0.0	0.0	12.2474487139	0.0	15.9687194227	0.0	0.0	0.0	0.0	0.0	0.0	0.0	0.0	0.0	0.0	0.0	0.0	0.0	0.0	0.0	0.0	0.0	0.0	0.0	
0.0	0.0	0.0	0.0	0.0	0.0	0.0	0.0	0.0	0.0	0.0	0.0	0.0	0.0	0.0	0.0	0.0	15.9687194227	0.0	0.0	0.0	0.0	0.0	0.0	15.9687194227	0.0	15.7162336455	15.9687194227	0.0	0.0	0.0	0.0	0.0	0.0	0.0	0.0	0.0	0.0	0.0	0.0	0.0	0.0	0.0	15.9687194227	0.0	0.0	0.0	0.0	0.0	0.0	0.0	15.9687194227	0.0	0.0	0.0	0.0	0.0	0.0	0.0	0.0	0.0	0.0	0.0	0.0	
0.0	0.0	0.0	0.0	0.0	0.0	0.0	0.0	0.0	0.0	15.9687194227	15.9687194227	3.87298334621	0.0	0.0	0.0	0.0	0.0	0.0	0.0	1.73205080757	0.0	0.0	0.0	0.0	15.9687194227	0.0	0.0	15.9687194227	0.0	0.0	0.0	0.0	0.0	0.0	0.0	15.9687194227	0.0	0.0	0.0	0.0	0.0	0.0	0.0	15.9373774505	0.0	0.0	0.0	0.0	0.0	0.0	0.0	0.0	0.0	0.0	0.0	0.0	0.0	0.0	15.9687194227	0.0	0.0	0.0	0.0	
0.0	0.0	0.0	0.0	0.0	0.0	0.0	0.0	0.0	0.0	0.0	15.9687194227	15.9687194227	0.0	0.0	0.0	0.0	0.0	0.0	0.0	0.0	0.0	0.0	0.0	0.0	0.0	0.0	0.0	0.0	0.0	0.0	0.0	0.0	0.0	14.1774468788	14.9666295471	15.9687194227	15.9373774505	0.0	0.0	0.0	0.0	0.0	0.0	0.0	15.9687194227	0.0	0.0	0.0	15.9687194227	0.0	0.0	0.0	15.9687194227	0.0	0.0	0.0	0.0	15.9687194227	0.0	14.1774468788	14.5258390463	0.0	0.0	
0.0	0.0	0.0	0.0	0.0	0.0	0.0	0.0	0.0	0.0	0.0	3.60555127546	0.0	9.16515138991	15.9687194227	0.0	0.0	0.0	15.9687194227	0.0	0.0	0.0	0.0	0.0	0.0	15.9687194227	15.9687194227	15.9687194227	15.8429795178	0.0	0.0	0.0	0.0	0.0	0.0	0.0	0.0	0.0	0.0	0.0	0.0	15.9687194227	0.0	0.0	0.0	0.0	0.0	0.0	0.0	0.0	0.0	15.9687194227	0.0	0.0	0.0	0.0	0.0	0.0	0.0	0.0	0.0	0.0	0.0	0.0	
0.0	0.0	0.0	0.0	0.0	0.0	0.0	0.0	0.0	0.0	0.0	15.9687194227	0.0	0.0	0.0	0.0	0.0	0.0	0.0	0.0	0.0	0.0	0.0	0.0	0.0	0.0	0.0	0.0	0.0	0.0	0.0	0.0	0.0	0.0	0.0	0.0	0.0	0.0	0.0	0.0	0.0	0.0	0.0	0.0	0.0	0.0	0.0	0.0	0.0	0.0	0.0	0.0	0.0	0.0	0.0	0.0	0.0	0.0	0.0	0.0	0.0	0.0	0.0	0.0	
0.0	0.0	0.0	0.0	0.0	0.0	0.0	0.0	0.0	0.0	0.0	15.1657508881	0.0	15.9687194227	0.0	0.0	0.0	0.0	0.0	15.9687194227	0.0	0.0	15.9687194227	0.0	0.0	0.0	0.0	0.0	0.0	0.0	15.9687194227	0.0	0.0	0.0	0.0	0.0	0.0	0.0	0.0	0.0	0.0	15.9687194227	15.9687194227	15.9687194227	15.9687194227	15.9687194227	15.9687194227	0.0	0.0	0.0	0.0	0.0	0.0	0.0	0.0	0.0	0.0	0.0	0.0	0.0	0.0	0.0	0.0	0.0	
0.0	0.0	0.0	0.0	0.0	0.0	0.0	0.0	0.0	0.0	5.56776436283	0.0	0.0	0.0	0.0	10.7238052948	0.0	0.0	0.0	0.0	0.0	0.0	15.9687194227	0.0	0.0	0.0	0.0	0.0	0.0	0.0	0.0	0.0	0.0	0.0	0.0	0.0	0.0	15.9687194227	0.0	0.0	0.0	0.0	0.0	0.0	0.0	0.0	0.0	0.0	0.0	0.0	0.0	0.0	15.9687194227	0.0	0.0	0.0	0.0	0.0	0.0	0.0	0.0	0.0	0.0	0.0	
0.0	0.0	0.0	0.0	0.0	0.0	0.0	0.0	0.0	0.0	0.0	0.0	0.0	0.0	0.0	0.0	0.0	0.0	0.0	15.4919333848	0.0	0.0	0.0	0.0	0.0	0.0	0.0	15.7162336455	0.0	0.0	0.0	0.0	0.0	0.0	0.0	15.9687194227	15.9687194227	0.0	0.0	0.0	0.0	0.0	0.0	15.9687194227	0.0	15.9687194227	0.0	0.0	0.0	0.0	0.0	0.0	0.0	0.0	0.0	0.0	0.0	0.0	0.0	0.0	0.0	0.0	0.0	0.0	
0.0	0.0	0.0	0.0	0.0	0.0	0.0	0.0	0.0	0.0	0.0	0.0	0.0	0.0	0.0	0.0	0.0	0.0	0.0	0.0	0.0	15.9687194227	0.0	0.0	0.0	0.0	0.0	0.0	0.0	0.0	0.0	0.0	0.0	0.0	0.0	0.0	0.0	0.0	0.0	0.0	0.0	0.0	0.0	0.0	0.0	0.0	0.0	0.0	0.0	0.0	0.0	0.0	15.9687194227	0.0	0.0	0.0	0.0	0.0	0.0	0.0	15.9687194227	0.0	0.0	0.0	
0.0	0.0	0.0	0.0	0.0	0.0	0.0	0.0	0.0	0.0	0.0	0.0	12.4899959968	4.79583152331	0.0	0.0	0.0	0.0	0.0	0.0	0.0	15.9687194227	0.0	0.0	0.0	0.0	0.0	0.0	0.0	15.9687194227	0.0	0.0	0.0	0.0	0.0	0.0	0.0	12.5299640861	0.0	0.0	0.0	0.0	0.0	0.0	15.9687194227	0.0	0.0	0.0	0.0	0.0	15.9687194227	15.9687194227	15.9687194227	15.9687194227	15.9687194227	0.0	0.0	0.0	0.0	0.0	0.0	0.0	0.0	0.0	
0.0	0.0	0.0	0.0	0.0	0.0	0.0	0.0	0.0	0.0	0.0	15.9687194227	0.0	0.0	15.9687194227	0.0	0.0	0.0	0.0	0.0	0.0	0.0	15.6843871414	0.0	0.0	0.0	0.0	0.0	0.0	0.0	0.0	0.0	0.0	0.0	0.0	0.0	0.0	15.9687194227	0.0	0.0	0.0	0.0	0.0	0.0	0.0	0.0	0.0	0.0	0.0	0.0	0.0	0.0	15.9687194227	0.0	0.0	0.0	0.0	0.0	0.0	0.0	0.0	0.0	0.0	0.0	
0.0	0.0	0.0	0.0	0.0	0.0	0.0	0.0	0.0	0.0	0.0	0.0	0.0	0.0	0.0	0.0	0.0	0.0	0.0	15.9687194227	13.4907375632	0.0	0.0	0.0	0.0	0.0	15.9687194227	0.0	0.0	15.9687194227	0.0	0.0	0.0	0.0	15.9687194227	0.0	0.0	0.0	0.0	0.0	0.0	0.0	15.9687194227	0.0	0.0	15.9687194227	0.0	0.0	0.0	0.0	0.0	0.0	0.0	0.0	0.0	0.0	0.0	0.0	0.0	0.0	0.0	0.0	0.0	0.0	
0.0	0.0	0.0	0.0	0.0	0.0	0.0	0.0	0.0	0.0	0.0	0.0	0.0	0.0	0.0	0.0	0.0	0.0	15.9687194227	0.0	0.0	15.9687194227	0.0	0.0	0.0	0.0	15.5563491861	0.0	0.0	0.0	15.9687194227	0.0	0.0	0.0	0.0	0.0	0.0	0.0	15.9687194227	0.0	0.0	0.0	15.9687194227	0.0	0.0	15.9687194227	0.0	0.0	0.0	0.0	0.0	0.0	0.0	0.0	0.0	0.0	0.0	0.0	0.0	0.0	0.0	0.0	0.0	0.0	
0.0	0.0	0.0	0.0	0.0	0.0	0.0	0.0	0.0	0.0	0.0	0.0	0.0	0.0	0.0	0.0	0.0	0.0	0.0	0.0	0.0	0.0	0.0	0.0	0.0	0.0	15.9687194227	0.0	0.0	0.0	0.0	0.0	0.0	0.0	0.0	0.0	0.0	0.0	0.0	0.0	0.0	0.0	11.4455231423	0.0	4.0	0.0	0.0	0.0	0.0	0.0	0.0	0.0	4.472135955	0.0	0.0	0.0	0.0	0.0	0.0	0.0	0.0	0.0	0.0	0.0	
0.0	0.0	0.0	0.0	0.0	0.0	0.0	0.0	0.0	0.0	0.0	15.9687194227	14.6628782986	0.0	0.0	0.0	0.0	0.0	0.0	0.0	12.8452325787	15.9687194227	0.0	0.0	0.0	0.0	0.0	15.9687194227	15.9687194227	0.0	0.0	0.0	0.0	0.0	0.0	0.0	0.0	0.0	0.0	0.0	0.0	0.0	0.0	0.0	0.0	0.0	0.0	0.0	0.0	0.0	0.0	0.0	0.0	0.0	0.0	0.0	0.0	0.0	0.0	0.0	0.0	0.0	0.0	0.0	
0.0	0.0	0.0	0.0	0.0	0.0	0.0	0.0	0.0	0.0	0.0	0.0	0.0	0.0	0.0	0.0	0.0	0.0	0.0	0.0	15.9687194227	0.0	0.0	0.0	0.0	0.0	0.0	0.0	15.9687194227	0.0	0.0	0.0	0.0	0.0	0.0	0.0	15.9687194227	0.0	0.0	0.0	0.0	0.0	0.0	0.0	0.0	0.0	0.0	0.0	0.0	0.0	0.0	15.748015748	15.9687194227	0.0	0.0	0.0	0.0	0.0	0.0	0.0	0.0	0.0	0.0	0.0	
0.0	0.0	0.0	0.0	0.0	0.0	0.0	0.0	0.0	0.0	0.0	0.0	0.0	0.0	0.0	0.0	0.0	0.0	0.0	15.9687194227	0.0	0.0	0.0	0.0	0.0	0.0	0.0	0.0	0.0	0.0	0.0	0.0	0.0	0.0	0.0	0.0	0.0	0.0	0.0	0.0	0.0	15.0665191733	15.9687194227	5.74456264654	0.0	0.0	0.0	0.0	0.0	0.0	0.0	0.0	0.0	0.0	0.0	0.0	0.0	0.0	0.0	0.0	0.0	0.0	0.0	0.0	
0.0	0.0	0.0	0.0	0.0	0.0	0.0	0.0	0.0	0.0	0.0	15.9687194227	15.9687194227	0.0	0.0	0.0	0.0	0.0	15.9687194227	0.0	0.0	0.0	0.0	0.0	0.0	0.0	11.8321595662	0.0	0.0	15.9687194227	0.0	0.0	0.0	0.0	15.9687194227	15.9687194227	15.9687194227	15.9687194227	15.9687194227	0.0	0.0	0.0	0.0	0.0	0.0	0.0	0.0	0.0	0.0	0.0	0.0	0.0	0.0	0.0	0.0	0.0	0.0	0.0	0.0	0.0	0.0	0.0	0.0	0.0	
0.0	0.0	0.0	0.0	0.0	0.0	0.0	0.0	0.0	0.0	0.0	0.0	14.5258390463	0.0	0.0	0.0	0.0	0.0	0.0	0.0	15.9687194227	0.0	0.0	0.0	0.0	0.0	0.0	0.0	0.0	0.0	0.0	0.0	0.0	0.0	0.0	15.9373774505	10.5356537529	0.0	0.0	0.0	0.0	0.0	0.0	0.0	0.0	0.0	0.0	0.0	0.0	0.0	0.0	0.0	0.0	0.0	0.0	0.0	0.0	0.0	0.0	0.0	0.0	0.0	0.0	0.0	
0.0	0.0	0.0	0.0	0.0	0.0	0.0	0.0	0.0	0.0	0.0	15.6524758425	0.0	0.0	0.0	0.0	0.0	0.0	0.0	15.9687194227	0.0	0.0	0.0	0.0	0.0	0.0	0.0	4.24264068712	15.9373774505	0.0	0.0	0.0	0.0	0.0	0.0	15.9687194227	15.9687194227	0.0	0.0	0.0	0.0	0.0	0.0	0.0	0.0	0.0	0.0	0.0	0.0	0.0	0.0	0.0	0.0	0.0	0.0	0.0	0.0	0.0	0.0	0.0	0.0	0.0	0.0	0.0	
0.0	0.0	0.0	0.0	0.0	0.0	0.0	0.0	0.0	0.0	0.0	15.9687194227	0.0	0.0	0.0	0.0	0.0	0.0	0.0	15.9687194227	15.9687194227	15.9687194227	0.0	0.0	0.0	0.0	11.874342087	15.9687194227	0.0	0.0	0.0	0.0	0.0	0.0	0.0	0.0	0.0	0.0	0.0	0.0	0.0	0.0	15.9687194227	0.0	0.0	0.0	0.0	0.0	0.0	0.0	0.0	9.21954445729	0.0	0.0	0.0	0.0	0.0	0.0	0.0	0.0	0.0	0.0	0.0	0.0	
0.0	0.0	0.0	0.0	0.0	0.0	0.0	0.0	0.0	0.0	0.0	0.0	0.0	0.0	0.0	0.0	0.0	0.0	0.0	10.1488915651	5.0	0.0	0.0	0.0	0.0	0.0	0.0	0.0	5.38516480713	0.0	0.0	0.0	0.0	0.0	15.3297097168	15.9687194227	0.0	0.0	0.0	0.0	0.0	0.0	0.0	0.0	0.0	0.0	0.0	0.0	0.0	0.0	0.0	0.0	0.0	0.0	0.0	0.0	0.0	0.0	0.0	0.0	0.0	0.0	0.0	0.0	
0.0	0.0	0.0	0.0	0.0	0.0	0.0	0.0	0.0	0.0	0.0	15.9687194227	3.46410161514	0.0	0.0	0.0	0.0	0.0	0.0	0.0	0.0	0.0	0.0	0.0	0.0	0.0	0.0	0.0	15.9687194227	0.0	0.0	0.0	0.0	0.0	0.0	0.0	0.0	15.9687194227	0.0	0.0	0.0	0.0	0.0	0.0	15.9687194227	15.9687194227	0.0	0.0	0.0	0.0	0.0	0.0	0.0	0.0	0.0	0.0	0.0	0.0	0.0	0.0	0.0	0.0	0.0	0.0	
0.0	0.0	0.0	0.0	0.0	0.0	0.0	0.0	0.0	0.0	15.6524758425	0.0	0.0	0.0	0.0	0.0	0.0	0.0	15.9687194227	0.0	0.0	0.0	0.0	0.0	0.0	0.0	15.8429795178	0.0	0.0	0.0	0.0	0.0	0.0	0.0	0.0	0.0	0.0	0.0	0.0	0.0	0.0	0.0	0.0	0.0	15.9687194227	0.0	0.0	0.0	0.0	0.0	15.9687194227	13.416407865	0.0	0.0	0.0	0.0	0.0	0.0	0.0	0.0	0.0	0.0	0.0	0.0	
0.0	0.0	0.0	0.0	0.0	0.0	0.0	0.0	0.0	0.0	0.0	0.0	0.0	0.0	0.0	0.0	0.0	0.0	0.0	15.9687194227	0.0	15.9687194227	0.0	0.0	0.0	0.0	0.0	0.0	0.0	15.9687194227	0.0	0.0	0.0	0.0	0.0	0.0	0.0	0.0	0.0	0.0	0.0	0.0	15.9687194227	12.3288280059	7.93725393319	15.9687194227	0.0	0.0	0.0	0.0	0.0	0.0	0.0	0.0	0.0	0.0	0.0	0.0	0.0	0.0	0.0	0.0	0.0	0.0	
0.0	0.0	0.0	0.0	0.0	0.0	0.0	0.0	0.0	0.0	0.0	7.87400787401	6.48074069841	15.9687194227	0.0	0.0	0.0	0.0	0.0	0.0	0.0	0.0	0.0	0.0	0.0	0.0	0.0	0.0	0.0	0.0	0.0	0.0	0.0	0.0	0.0	0.0	6.0827625303	0.0	0.0	0.0	0.0	0.0	0.0	0.0	15.9687194227	0.0	0.0	0.0	0.0	0.0	0.0	0.0	15.9687194227	0.0	0.0	0.0	0.0	0.0	0.0	0.0	0.0	0.0	0.0	0.0	
0.0	0.0	0.0	0.0	0.0	0.0	0.0	0.0	0.0	0.0	0.0	0.0	0.0	0.0	0.0	0.0	0.0	0.0	0.0	15.9687194227	0.0	0.0	0.0	0.0	0.0	0.0	0.0	15.9687194227	0.0	0.0	0.0	0.0	0.0	0.0	0.0	0.0	0.0	15.1327459504	0.0	0.0	0.0	0.0	0.0	0.0	0.0	0.0	0.0	0.0	0.0	0.0	0.0	0.0	15.9687194227	15.9687194227	0.0	0.0	0.0	0.0	0.0	0.0	0.0	0.0	0.0	0.0	
0.0	0.0	0.0	0.0	0.0	0.0	0.0	0.0	2.2360679775	8.94427191	15.9687194227	0.0	0.0	0.0	0.0	0.0	0.0	0.0	15.9687194227	0.0	0.0	0.0	0.0	0.0	0.0	0.0	15.9687194227	0.0	0.0	0.0	0.0	0.0	4.58257569496	0.0	0.0	15.9687194227	0.0	0.0	0.0	0.0	0.0	0.0	0.0	15.9687194227	0.0	0.0	0.0	0.0	0.0	0.0	15.9687194227	0.0	0.0	0.0	0.0	0.0	0.0	0.0	0.0	0.0	0.0	0.0	0.0	0.0	
0.0	0.0	0.0	0.0	0.0	0.0	0.0	0.0	0.0	0.0	0.0	0.0	15.9687194227	15.9687194227	0.0	0.0	0.0	0.0	0.0	0.0	0.0	15.9687194227	0.0	0.0	0.0	0.0	0.0	0.0	0.0	0.0	0.0	0.0	0.0	0.0	0.0	0.0	0.0	0.0	0.0	0.0	0.0	0.0	0.0	0.0	7.4161984871	0.0	0.0	0.0	0.0	0.0	0.0	0.0	15.5241746963	15.9687194227	0.0	0.0	0.0	0.0	0.0	0.0	0.0	0.0	0.0	15.9687194227	
0.0	0.0	0.0	0.0	0.0	0.0	0.0	0.0	0.0	0.0	0.0	0.0	15.9687194227	0.0	0.0	0.0	0.0	0.0	0.0	0.0	0.0	0.0	0.0	0.0	0.0	0.0	0.0	0.0	0.0	0.0	0.0	0.0	0.0	0.0	0.0	0.0	0.0	0.0	0.0	0.0	0.0	0.0	0.0	0.0	14.1421356237	13.8202749611	0.0	0.0	0.0	0.0	0.0	0.0	0.0	0.0	0.0	0.0	0.0	0.0	0.0	0.0	0.0	0.0	0.0	0.0	
0.0	0.0	0.0	2.64575131106	15.9687194227	0.0	0.0	0.0	0.0	0.0	0.0	0.0	15.9687194227	0.0	0.0	0.0	0.0	0.0	0.0	0.0	15.9687194227	0.0	0.0	0.0	0.0	0.0	0.0	0.0	15.9687194227	0.0	0.0	0.0	0.0	0.0	0.0	0.0	12.2474487139	0.0	0.0	0.0	0.0	0.0	15.9687194227	15.9373774505	7.68114574787	14.1067359797	0.0	0.0	0.0	0.0	0.0	0.0	0.0	0.0	0.0	0.0	0.0	0.0	0.0	0.0	0.0	0.0	0.0	0.0	
0.0	0.0	0.0	0.0	0.0	0.0	0.0	0.0	0.0	0.0	0.0	15.9687194227	14.4913767462	0.0	0.0	0.0	0.0	0.0	0.0	0.0	4.69041575982	0.0	0.0	0.0	0.0	0.0	0.0	15.9687194227	15.9687194227	0.0	0.0	0.0	0.0	0.0	0.0	0.0	0.0	0.0	0.0	0.0	0.0	0.0	0.0	0.0	0.0	0.0	15.9687194227	0.0	0.0	0.0	15.9687194227	13.8564064606	0.0	15.9687194227	0.0	0.0	0.0	0.0	0.0	0.0	0.0	0.0	0.0	0.0	
0.0	0.0	0.0	15.8429795178	0.0	0.0	0.0	0.0	0.0	0.0	11.0453610172	0.0	15.9687194227	0.0	0.0	0.0	0.0	0.0	0.0	5.56776436283	15.9687194227	0.0	0.0	0.0	0.0	0.0	0.0	15.9687194227	0.0	0.0	0.0	0.0	0.0	0.0	0.0	0.0	15.9687194227	0.0	0.0	0.0	0.0	0.0	0.0	0.0	0.0	15.9687194227	0.0	0.0	0.0	0.0	0.0	0.0	15.9687194227	8.60232526704	0.0	0.0	0.0	0.0	0.0	0.0	0.0	0.0	0.0	0.0	
0.0	0.0	0.0	0.0	0.0	0.0	0.0	0.0	0.0	0.0	0.0	0.0	0.0	0.0	0.0	0.0	0.0	0.0	0.0	0.0	15.9687194227	0.0	0.0	0.0	0.0	0.0	0.0	15.9687194227	0.0	0.0	0.0	0.0	0.0	0.0	15.9687194227	0.0	0.0	0.0	0.0	0.0	0.0	0.0	0.0	0.0	0.0	13.5277492585	15.9687194227	15.9687194227	0.0	0.0	0.0	0.0	0.0	0.0	0.0	0.0	0.0	0.0	0.0	0.0	0.0	0.0	0.0	0.0	
0.0	0.0	0.0	0.0	15.9687194227	0.0	0.0	0.0	0.0	0.0	0.0	15.9687194227	0.0	0.0	0.0	0.0	0.0	0.0	0.0	0.0	0.0	0.0	0.0	0.0	0.0	0.0	0.0	0.0	15.9687194227	0.0	0.0	0.0	0.0	0.0	0.0	0.0	15.5563491861	15.9687194227	0.0	0.0	0.0	0.0	0.0	0.0	15.9687194227	15.9687194227	0.0	0.0	0.0	0.0	0.0	0.0	0.0	0.0	0.0	0.0	0.0	0.0	0.0	0.0	0.0	0.0	0.0	0.0	
0.0	0.0	0.0	0.0	0.0	0.0	0.0	0.0	0.0	0.0	0.0	0.0	0.0	0.0	0.0	0.0	0.0	0.0	0.0	15.9059737206	0.0	0.0	0.0	0.0	0.0	0.0	10.677078252	0.0	0.0	0.0	0.0	0.0	0.0	0.0	15.9687194227	15.9687194227	0.0	0.0	0.0	0.0	0.0	0.0	7.34846922835	0.0	12.0415945788	0.0	0.0	0.0	0.0	0.0	0.0	15.9687194227	0.0	0.0	0.0	0.0	0.0	0.0	0.0	0.0	0.0	0.0	0.0	0.0	
0.0	0.0	0.0	0.0	0.0	0.0	0.0	0.0	0.0	0.0	0.0	0.0	0.0	0.0	0.0	0.0	0.0	0.0	0.0	0.0	0.0	0.0	0.0	0.0	0.0	0.0	0.0	0.0	0.0	0.0	0.0	0.0	0.0	0.0	0.0	0.0	0.0	0.0	0.0	0.0	0.0	0.0	0.0	15.9373774505	0.0	0.0	0.0	0.0	0.0	0.0	0.0	15.9687194227	0.0	0.0	0.0	0.0	0.0	0.0	0.0	0.0	0.0	0.0	0.0	0.0	
0.0	0.0	0.0	0.0	0.0	0.0	0.0	0.0	0.0	0.0	0.0	0.0	0.0	0.0	0.0	0.0	0.0	0.0	0.0	0.0	0.0	0.0	0.0	0.0	0.0	0.0	0.0	15.9687194227	0.0	0.0	0.0	0.0	0.0	0.0	0.0	15.9687194227	0.0	0.0	0.0	0.0	0.0	0.0	0.0	15.9687194227	0.0	0.0	0.0	0.0	0.0	0.0	0.0	1.41421356237	0.0	0.0	0.0	0.0	0.0	0.0	0.0	0.0	0.0	0.0	0.0	0.0	
0.0	0.0	0.0	0.0	0.0	0.0	0.0	0.0	0.0	0.0	0.0	0.0	0.0	0.0	0.0	0.0	0.0	0.0	0.0	15.9687194227	15.9687194227	7.4161984871	0.0	0.0	0.0	0.0	0.0	0.0	15.9687194227	0.0	0.0	0.0	0.0	0.0	0.0	0.0	3.87298334621	0.0	0.0	0.0	0.0	0.0	0.0	0.0	0.0	15.9687194227	0.0	0.0	0.0	0.0	0.0	0.0	15.9687194227	0.0	0.0	0.0	0.0	0.0	0.0	0.0	0.0	0.0	0.0	0.0	
0.0	0.0	0.0	0.0	0.0	0.0	0.0	0.0	0.0	0.0	15.9687194227	15.9687194227	15.9687194227	0.0	0.0	0.0	0.0	15.9687194227	0.0	0.0	0.0	0.0	0.0	0.0	0.0	0.0	14.7986485869	0.0	0.0	0.0	0.0	0.0	0.0	0.0	0.0	0.0	15.9687194227	0.0	0.0	0.0	0.0	0.0	0.0	0.0	15.3297097168	0.0	0.0	0.0	0.0	0.0	0.0	0.0	0.0	0.0	0.0	0.0	0.0	0.0	0.0	0.0	0.0	0.0	0.0	0.0	
0.0	0.0	0.0	0.0	0.0	0.0	0.0	0.0	0.0	0.0	0.0	0.0	0.0	0.0	0.0	0.0	0.0	0.0	0.0	0.0	15.3622914957	0.0	13.152946438	0.0	0.0	0.0	0.0	6.7082039325	0.0	0.0	0.0	9.48683298051	0.0	0.0	0.0	15.9687194227	0.0	0.0	0.0	15.9687194227	0.0	0.0	0.0	0.0	15.9687194227	0.0	0.0	10.0	0.0	0.0	0.0	0.0	0.0	0.0	0.0	0.0	0.0	0.0	0.0	0.0	0.0	0.0	0.0	0.0	
0.0	0.0	0.0	0.0	0.0	0.0	0.0	0.0	0.0	0.0	0.0	1.41421356237	0.0	0.0	0.0	0.0	0.0	0.0	0.0	12.8062484749	0.0	0.0	0.0	0.0	0.0	0.0	0.0	0.0	0.0	0.0	0.0	0.0	0.0	0.0	0.0	13.7477270849	15.9687194227	0.0	0.0	0.0	0.0	0.0	0.0	0.0	0.0	0.0	0.0	0.0	0.0	0.0	15.9687194227	15.9687194227	15.9687194227	0.0	0.0	0.0	0.0	0.0	0.0	0.0	0.0	0.0	0.0	0.0	
0.0	0.0	0.0	0.0	0.0	0.0	0.0	0.0	0.0	0.0	0.0	0.0	0.0	0.0	0.0	0.0	0.0	0.0	0.0	15.9687194227	0.0	0.0	0.0	0.0	0.0	14.3178210633	0.0	15.9687194227	0.0	0.0	0.0	0.0	0.0	0.0	0.0	15.9687194227	0.0	12.0	0.0	0.0	0.0	0.0	0.0	15.9687194227	0.0	0.0	0.0	0.0	0.0	0.0	0.0	0.0	0.0	0.0	0.0	0.0	0.0	0.0	0.0	0.0	0.0	0.0	0.0	0.0	
0.0	0.0	0.0	0.0	0.0	0.0	0.0	0.0	0.0	0.0	0.0	0.0	0.0	0.0	0.0	0.0	0.0	0.0	0.0	10.8166538264	0.0	0.0	0.0	0.0	0.0	0.0	15.9687194227	0.0	0.0	0.0	0.0	0.0	0.0	0.0	0.0	15.9687194227	0.0	0.0	0.0	0.0	0.0	15.9687194227	0.0	15.9687194227	0.0	0.0	0.0	0.0	0.0	0.0	0.0	15.9687194227	0.0	0.0	0.0	0.0	0.0	0.0	0.0	15.9687194227	0.0	0.0	0.0	0.0	
0.0	0.0	0.0	0.0	0.0	0.0	0.0	0.0	0.0	0.0	15.9687194227	0.0	0.0	0.0	0.0	0.0	0.0	0.0	0.0	0.0	0.0	0.0	0.0	0.0	0.0	0.0	0.0	13.5277492585	0.0	0.0	0.0	0.0	0.0	0.0	4.12310562562	0.0	0.0	0.0	0.0	0.0	0.0	0.0	13.6014705087	15.9687194227	15.9687194227	13.3416640641	0.0	0.0	0.0	0.0	0.0	0.0	0.0	0.0	0.0	0.0	0.0	0.0	0.0	0.0	0.0	0.0	0.0	0.0	
0.0	0.0	0.0	0.0	0.0	0.0	0.0	0.0	0.0	0.0	0.0	0.0	0.0	0.0	0.0	0.0	0.0	0.0	0.0	15.9373774505	0.0	0.0	0.0	0.0	0.0	0.0	0.0	15.9687194227	15.9687194227	0.0	0.0	0.0	0.0	0.0	0.0	4.58257569496	0.0	13.4536240471	0.0	0.0	0.0	0.0	0.0	0.0	15.9687194227	0.0	0.0	0.0	0.0	0.0	0.0	0.0	0.0	0.0	0.0	0.0	0.0	0.0	0.0	0.0	0.0	0.0	0.0	0.0	
0.0	0.0	0.0	0.0	0.0	0.0	0.0	0.0	0.0	0.0	0.0	14.7986485869	0.0	0.0	0.0	0.0	0.0	0.0	15.5563491861	0.0	0.0	0.0	0.0	0.0	0.0	0.0	8.0	15.9687194227	0.0	0.0	0.0	0.0	0.0	0.0	0.0	0.0	0.0	0.0	0.0	0.0	0.0	0.0	15.9687194227	0.0	0.0	0.0	0.0	0.0	0.0	0.0	0.0	0.0	0.0	0.0	0.0	0.0	0.0	0.0	0.0	0.0	0.0	0.0	0.0	0.0	
0.0	0.0	0.0	0.0	0.0	0.0	0.0	0.0	0.0	0.0	0.0	0.0	0.0	0.0	0.0	0.0	0.0	0.0	15.9687194227	0.0	0.0	0.0	0.0	0.0	0.0	0.0	0.0	0.0	0.0	0.0	0.0	0.0	0.0	0.0	0.0	15.9687194227	0.0	0.0	0.0	0.0	0.0	0.0	0.0	0.0	15.9687194227	0.0	0.0	0.0	0.0	15.9687194227	0.0	0.0	5.47722557505	0.0	0.0	0.0	0.0	0.0	15.9687194227	15.9687194227	0.0	0.0	0.0	0.0	
0.0	0.0	0.0	0.0	0.0	0.0	0.0	0.0	0.0	0.0	0.0	0.0	0.0	0.0	0.0	0.0	0.0	0.0	0.0	0.0	0.0	15.9687194227	0.0	0.0	0.0	0.0	0.0	0.0	0.0	15.9687194227	0.0	0.0	0.0	0.0	0.0	9.21954445729	15.3622914957	15.9687194227	0.0	0.0	0.0	0.0	0.0	0.0	0.0	0.0	15.9687194227	0.0	0.0	0.0	0.0	0.0	0.0	0.0	15.9687194227	0.0	0.0	0.0	0.0	15.9687194227	15.9687194227	15.9687194227	0.0	0.0	
0.0	0.0	15.9687194227	15.9687194227	15.9687194227	0.0	0.0	0.0	0.0	0.0	0.0	0.0	0.0	0.0	0.0	0.0	0.0	0.0	15.9687194227	15.9687194227	15.9687194227	0.0	0.0	0.0	0.0	0.0	0.0	0.0	0.0	0.0	0.0	0.0	0.0	0.0	0.0	0.0	0.0	0.0	0.0	0.0	0.0	0.0	0.0	15.9687194227	0.0	0.0	0.0	0.0	0.0	0.0	0.0	15.9687194227	0.0	0.0	0.0	0.0	0.0	0.0	0.0	0.0	0.0	0.0	0.0	0.0	
0.0	0.0	0.0	0.0	0.0	0.0	0.0	0.0	0.0	0.0	0.0	15.9687194227	15.9687194227	0.0	0.0	0.0	0.0	0.0	0.0	0.0	0.0	15.9687194227	0.0	0.0	0.0	0.0	0.0	0.0	0.0	14.5258390463	0.0	0.0	0.0	0.0	0.0	0.0	15.9687194227	0.0	0.0	0.0	0.0	0.0	15.9687194227	15.9687194227	0.0	0.0	0.0	0.0	0.0	0.0	0.0	0.0	0.0	0.0	0.0	0.0	0.0	0.0	0.0	0.0	0.0	0.0	0.0	0.0	
0.0	0.0	0.0	0.0	0.0	0.0	0.0	0.0	0.0	0.0	0.0	0.0	0.0	0.0	0.0	0.0	0.0	0.0	0.0	4.89897948557	0.0	0.0	0.0	0.0	0.0	0.0	11.6619037897	0.0	0.0	0.0	0.0	0.0	0.0	0.0	15.9687194227	15.9687194227	4.79583152331	0.0	0.0	0.0	0.0	0.0	15.9687194227	0.0	15.9687194227	0.0	0.0	0.0	0.0	0.0	0.0	0.0	15.9687194227	0.0	0.0	0.0	0.0	0.0	0.0	0.0	0.0	0.0	0.0	0.0	
0.0	0.0	7.93725393319	0.0	0.0	0.0	0.0	0.0	0.0	0.0	0.0	15.9687194227	0.0	0.0	0.0	0.0	0.0	5.38516480713	0.0	15.9059737206	0.0	0.0	0.0	0.0	0.0	0.0	15.9687194227	0.0	0.0	0.0	0.0	0.0	0.0	0.0	8.42614977318	0.0	0.0	0.0	0.0	0.0	0.0	0.0	0.0	15.9687194227	0.0	0.0	0.0	0.0	0.0	0.0	15.9687194227	15.9687194227	0.0	0.0	0.0	0.0	0.0	0.0	0.0	15.9687194227	0.0	0.0	0.0	0.0	
0.0	0.0	0.0	0.0	0.0	0.0	0.0	0.0	0.0	0.0	0.0	0.0	0.0	0.0	0.0	0.0	0.0	0.0	0.0	0.0	15.9687194227	0.0	0.0	0.0	0.0	0.0	0.0	15.9687194227	0.0	15.9687194227	0.0	0.0	0.0	0.0	15.9687194227	0.0	0.0	15.9687194227	0.0	0.0	0.0	0.0	0.0	0.0	0.0	15.9687194227	0.0	0.0	0.0	0.0	14.7648230602	0.0	0.0	15.9687194227	0.0	0.0	0.0	0.0	0.0	0.0	0.0	0.0	0.0	0.0	
0.0	0.0	0.0	0.0	0.0	0.0	0.0	0.0	0.0	0.0	0.0	0.0	0.0	0.0	0.0	0.0	0.0	0.0	15.9687194227	0.0	0.0	0.0	0.0	0.0	0.0	0.0	15.9687194227	10.9544511501	0.0	0.0	0.0	0.0	0.0	0.0	0.0	15.9687194227	0.0	0.0	0.0	0.0	0.0	0.0	0.0	0.0	15.9687194227	0.0	0.0	0.0	0.0	0.0	0.0	0.0	15.9687194227	0.0	0.0	0.0	0.0	0.0	0.0	0.0	0.0	0.0	0.0	0.0	
0.0	0.0	0.0	0.0	0.0	0.0	0.0	0.0	0.0	0.0	0.0	0.0	0.0	0.0	0.0	0.0	0.0	8.24621125124	0.0	0.0	8.66025403784	13.9642400438	0.0	0.0	15.9687194227	0.0	0.0	15.9687194227	14.6628782986	0.0	0.0	0.0	0.0	0.0	0.0	0.0	15.9687194227	0.0	0.0	0.0	0.0	0.0	0.0	0.0	2.82842712475	0.0	0.0	0.0	0.0	0.0	0.0	0.0	0.0	0.0	0.0	0.0	0.0	0.0	0.0	0.0	0.0	0.0	0.0	0.0	
0.0	0.0	0.0	0.0	0.0	0.0	0.0	0.0	0.0	0.0	15.9687194227	0.0	15.8113883008	0.0	0.0	0.0	0.0	0.0	0.0	0.0	15.9687194227	0.0	0.0	0.0	0.0	15.9687194227	0.0	0.0	0.0	0.0	0.0	0.0	0.0	0.0	7.48331477355	7.48331477355	11.4891252931	0.0	0.0	0.0	0.0	0.0	0.0	0.0	0.0	0.0	0.0	0.0	0.0	0.0	0.0	0.0	0.0	0.0	0.0	0.0	0.0	0.0	0.0	0.0	0.0	0.0	0.0	0.0	
0.0	0.0	0.0	0.0	0.0	0.0	0.0	0.0	0.0	0.0	15.9687194227	0.0	0.0	15.9373774505	0.0	0.0	0.0	0.0	15.9687194227	11.313708499	11.7898261226	15.9687194227	0.0	0.0	0.0	0.0	0.0	0.0	0.0	15.9687194227	0.0	0.0	0.0	0.0	0.0	0.0	0.0	0.0	0.0	0.0	0.0	0.0	0.0	0.0	14.7986485869	0.0	0.0	0.0	0.0	0.0	0.0	0.0	0.0	0.0	0.0	0.0	0.0	0.0	0.0	0.0	0.0	0.0	0.0	0.0	
0.0	0.0	0.0	0.0	0.0	0.0	0.0	0.0	0.0	0.0	0.0	15.9687194227	14.6969384567	15.9687194227	0.0	0.0	0.0	0.0	0.0	0.0	0.0	0.0	0.0	0.0	0.0	0.0	0.0	0.0	15.9687194227	0.0	0.0	0.0	0.0	0.0	0.0	0.0	15.9687194227	0.0	0.0	0.0	0.0	0.0	0.0	0.0	13.1909059583	0.0	0.0	0.0	0.0	15.9687194227	15.9687194227	15.9687194227	15.9687194227	14.7986485869	0.0	0.0	0.0	0.0	0.0	0.0	0.0	0.0	0.0	0.0	
0.0	0.0	0.0	0.0	0.0	0.0	0.0	0.0	0.0	0.0	0.0	0.0	0.0	0.0	0.0	0.0	0.0	0.0	0.0	0.0	15.9687194227	0.0	0.0	0.0	0.0	0.0	0.0	0.0	15.9687194227	0.0	0.0	0.0	0.0	0.0	0.0	11.7473401245	0.0	0.0	15.9687194227	0.0	0.0	0.0	0.0	0.0	15.9687194227	0.0	15.9687194227	0.0	0.0	0.0	0.0	0.0	0.0	0.0	9.05538513814	0.0	0.0	0.0	0.0	0.0	0.0	0.0	0.0	0.0	
0.0	0.0	0.0	0.0	0.0	0.0	0.0	0.0	0.0	0.0	0.0	15.9687194227	0.0	0.0	0.0	0.0	0.0	0.0	12.0	0.0	0.0	0.0	0.0	0.0	0.0	0.0	15.9687194227	0.0	0.0	0.0	0.0	0.0	0.0	0.0	0.0	0.0	15.9687194227	0.0	0.0	0.0	0.0	0.0	0.0	0.0	0.0	9.8488578018	0.0	0.0	0.0	0.0	0.0	15.6204993518	15.9687194227	0.0	0.0	0.0	0.0	0.0	0.0	0.0	0.0	0.0	0.0	0.0	
0.0	0.0	0.0	0.0	0.0	0.0	0.0	0.0	0.0	0.0	0.0	0.0	0.0	0.0	0.0	0.0	0.0	0.0	0.0	14.4913767462	0.0	0.0	0.0	0.0	0.0	0.0	15.8429795178	0.0	15.9687194227	0.0	0.0	0.0	0.0	0.0	0.0	0.0	0.0	0.0	0.0	0.0	0.0	0.0	0.0	0.0	0.0	0.0	0.0	0.0	0.0	0.0	0.0	0.0	0.0	0.0	0.0	0.0	0.0	0.0	0.0	0.0	0.0	0.0	0.0	0.0	
0.0	0.0	0.0	0.0	0.0	0.0	0.0	0.0	0.0	0.0	15.9687194227	15.9687194227	0.0	0.0	0.0	0.0	0.0	0.0	15.9687194227	0.0	13.7113092008	0.0	0.0	0.0	0.0	0.0	0.0	0.0	0.0	0.0	0.0	0.0	0.0	0.0	0.0	15.9687194227	0.0	0.0	0.0	0.0	0.0	0.0	0.0	15.9687194227	0.0	0.0	0.0	0.0	0.0	0.0	0.0	0.0	0.0	0.0	0.0	0.0	0.0	0.0	0.0	0.0	0.0	0.0	0.0	0.0	
0.0	0.0	0.0	0.0	0.0	0.0	0.0	0.0	0.0	0.0	0.0	0.0	0.0	15.9687194227	0.0	0.0	0.0	0.0	0.0	0.0	15.9687194227	15.9687194227	0.0	0.0	0.0	0.0	0.0	10.4403065089	0.0	15.9687194227	0.0	0.0	0.0	0.0	0.0	15.7797338381	0.0	15.9687194227	0.0	0.0	0.0	0.0	0.0	0.0	15.3297097168	12.0	0.0	0.0	0.0	0.0	0.0	0.0	0.0	0.0	0.0	0.0	0.0	0.0	0.0	0.0	0.0	0.0	0.0	0.0	
0.0	0.0	0.0	0.0	0.0	0.0	0.0	0.0	0.0	0.0	15.9687194227	0.0	0.0	15.9687194227	5.29150262213	0.0	0.0	15.9687194227	0.0	0.0	0.0	15.9687194227	15.9687194227	0.0	0.0	0.0	0.0	0.0	0.0	15.9687194227	0.0	0.0	0.0	0.0	0.0	0.0	0.0	0.0	0.0	0.0	0.0	0.0	0.0	0.0	15.9687194227	0.0	0.0	0.0	0.0	0.0	0.0	15.6524758425	0.0	0.0	0.0	0.0	0.0	0.0	0.0	0.0	0.0	0.0	0.0	0.0	
0.0	0.0	0.0	0.0	15.9687194227	0.0	0.0	0.0	0.0	0.0	0.0	15.9687194227	15.9687194227	0.0	0.0	0.0	0.0	15.9687194227	0.0	0.0	14.3874945699	0.0	0.0	0.0	0.0	0.0	0.0	0.0	0.0	0.0	0.0	0.0	0.0	0.0	0.0	0.0	0.0	0.0	0.0	0.0	0.0	0.0	0.0	15.9687194227	0.0	0.0	0.0	0.0	0.0	0.0	0.0	15.9687194227	0.0	0.0	0.0	0.0	0.0	0.0	0.0	2.44948974278	0.0	0.0	0.0	0.0	
0.0	0.0	0.0	0.0	0.0	0.0	0.0	0.0	0.0	0.0	0.0	0.0	10.0	2.44948974278	0.0	0.0	0.0	0.0	0.0	0.0	0.0	0.0	0.0	0.0	0.0	0.0	0.0	0.0	0.0	0.0	0.0	0.0	0.0	0.0	0.0	0.0	0.0	0.0	0.0	0.0	0.0	0.0	0.0	0.0	0.0	0.0	0.0	0.0	0.0	0.0	15.9687194227	15.9687194227	15.9687194227	15.8745078664	0.0	0.0	0.0	0.0	0.0	0.0	0.0	0.0	0.0	0.0	
0.0	0.0	0.0	0.0	0.0	0.0	0.0	0.0	0.0	0.0	11.313708499	0.0	0.0	15.9687194227	0.0	0.0	0.0	0.0	0.0	0.0	0.0	0.0	0.0	0.0	0.0	0.0	0.0	0.0	0.0	0.0	0.0	0.0	0.0	0.0	0.0	0.0	15.9687194227	0.0	0.0	0.0	0.0	0.0	0.0	0.0	0.0	0.0	0.0	0.0	0.0	0.0	0.0	0.0	0.0	0.0	0.0	0.0	0.0	0.0	0.0	0.0	0.0	0.0	0.0	0.0	
0.0	0.0	0.0	0.0	0.0	0.0	0.0	0.0	0.0	0.0	0.0	0.0	0.0	0.0	0.0	0.0	0.0	0.0	0.0	12.56980509	15.9687194227	15.9687194227	15.9687194227	0.0	0.0	0.0	0.0	15.8429795178	0.0	0.0	0.0	0.0	0.0	0.0	0.0	0.0	0.0	0.0	0.0	0.0	0.0	0.0	0.0	0.0	0.0	15.9687194227	0.0	0.0	0.0	0.0	0.0	6.16441400297	6.16441400297	0.0	0.0	0.0	0.0	0.0	0.0	0.0	0.0	0.0	0.0	0.0	
0.0	0.0	0.0	0.0	0.0	0.0	0.0	0.0	0.0	0.0	8.18535277187	0.0	0.0	0.0	0.0	0.0	0.0	0.0	0.0	0.0	0.0	0.0	0.0	0.0	0.0	0.0	0.0	0.0	11.0	0.0	0.0	0.0	0.0	0.0	0.0	0.0	15.9687194227	0.0	0.0	0.0	0.0	0.0	0.0	0.0	15.9687194227	0.0	0.0	0.0	0.0	0.0	0.0	0.0	15.9687194227	0.0	0.0	0.0	0.0	0.0	0.0	0.0	0.0	0.0	0.0	0.0	
0.0	0.0	0.0	15.9687194227	0.0	0.0	0.0	0.0	0.0	0.0	0.0	0.0	0.0	0.0	0.0	0.0	0.0	0.0	15.6524758425	0.0	0.0	0.0	0.0	0.0	0.0	0.0	0.0	15.9687194227	0.0	0.0	0.0	0.0	0.0	0.0	0.0	0.0	15.9687194227	0.0	0.0	0.0	0.0	0.0	0.0	0.0	14.9331845231	0.0	0.0	0.0	0.0	0.0	0.0	11.1355287257	4.35889894354	0.0	0.0	0.0	0.0	0.0	0.0	0.0	0.0	0.0	0.0	0.0	
0.0	0.0	0.0	0.0	0.0	0.0	0.0	0.0	0.0	0.0	0.0	0.0	0.0	0.0	0.0	0.0	0.0	0.0	0.0	0.0	0.0	0.0	0.0	0.0	0.0	0.0	0.0	0.0	12.2065556157	0.0	0.0	0.0	0.0	0.0	0.0	0.0	15.9687194227	0.0	0.0	0.0	0.0	0.0	0.0	0.0	15.9687194227	0.0	0.0	0.0	0.0	0.0	0.0	0.0	15.9687194227	0.0	0.0	0.0	0.0	0.0	0.0	0.0	0.0	0.0	0.0	0.0	
0.0	0.0	0.0	0.0	15.9687194227	0.0	0.0	0.0	0.0	0.0	15.9687194227	0.0	0.0	15.9687194227	0.0	0.0	0.0	0.0	0.0	0.0	0.0	15.9687194227	0.0	0.0	0.0	0.0	0.0	15.9687194227	15.9687194227	15.9687194227	0.0	0.0	0.0	0.0	0.0	0.0	0.0	9.21954445729	0.0	0.0	0.0	0.0	0.0	0.0	0.0	0.0	0.0	0.0	0.0	0.0	0.0	0.0	15.9687194227	0.0	0.0	0.0	0.0	0.0	0.0	0.0	15.9687194227	0.0	0.0	0.0	
0.0	0.0	0.0	0.0	0.0	0.0	0.0	0.0	0.0	0.0	0.0	0.0	15.9687194227	15.9687194227	0.0	0.0	0.0	0.0	15.9687194227	0.0	0.0	0.0	0.0	0.0	0.0	0.0	0.0	0.0	0.0	0.0	0.0	0.0	0.0	0.0	0.0	0.0	5.56776436283	15.3948043183	0.0	0.0	15.9687194227	15.9687194227	15.9687194227	15.9687194227	15.9687194227	15.9687194227	0.0	0.0	0.0	0.0	0.0	0.0	0.0	0.0	0.0	0.0	0.0	0.0	0.0	0.0	0.0	0.0	0.0	0.0	
0.0	0.0	0.0	0.0	0.0	0.0	0.0	0.0	0.0	0.0	0.0	0.0	0.0	0.0	0.0	0.0	0.0	0.0	0.0	15.9687194227	0.0	0.0	0.0	0.0	0.0	0.0	0.0	15.9687194227	0.0	0.0	0.0	0.0	0.0	0.0	0.0	0.0	0.0	0.0	0.0	0.0	0.0	0.0	0.0	12.3288280059	15.9687194227	0.0	0.0	0.0	0.0	0.0	0.0	0.0	0.0	0.0	0.0	0.0	0.0	0.0	0.0	0.0	0.0	0.0	0.0	0.0	
0.0	0.0	0.0	0.0	0.0	0.0	0.0	0.0	0.0	0.0	0.0	15.9687194227	0.0	0.0	0.0	0.0	0.0	0.0	0.0	15.9687194227	0.0	0.0	0.0	0.0	0.0	0.0	0.0	15.9687194227	15.9687194227	0.0	0.0	0.0	0.0	0.0	0.0	0.0	0.0	0.0	0.0	0.0	0.0	0.0	3.46410161514	0.0	0.0	0.0	0.0	0.0	0.0	0.0	0.0	15.748015748	15.9687194227	14.0712472795	0.0	0.0	0.0	0.0	0.0	0.0	0.0	0.0	0.0	0.0	
0.0	0.0	0.0	0.0	0.0	0.0	0.0	0.0	0.0	0.0	0.0	0.0	6.0827625303	0.0	0.0	0.0	0.0	0.0	0.0	15.9687194227	0.0	0.0	0.0	0.0	0.0	0.0	0.0	0.0	15.9687194227	0.0	0.0	0.0	0.0	0.0	0.0	0.0	15.9373774505	0.0	0.0	0.0	0.0	0.0	0.0	0.0	0.0	0.0	0.0	0.0	0.0	0.0	15.9687194227	15.9687194227	15.9687194227	15.9687194227	0.0	0.0	0.0	0.0	0.0	0.0	0.0	0.0	0.0	0.0	
0.0	0.0	0.0	0.0	0.0	0.0	0.0	0.0	0.0	0.0	7.28010988928	15.9687194227	15.9687194227	0.0	0.0	0.0	0.0	0.0	0.0	0.0	0.0	0.0	0.0	0.0	0.0	0.0	0.0	15.9687194227	10.7238052948	15.9687194227	0.0	0.0	0.0	0.0	0.0	0.0	7.07106781187	0.0	0.0	0.0	0.0	0.0	0.0	0.0	2.82842712475	0.0	0.0	0.0	0.0	0.0	0.0	15.9687194227	0.0	0.0	0.0	0.0	0.0	0.0	0.0	0.0	0.0	0.0	0.0	0.0	
0.0	0.0	0.0	0.0	0.0	0.0	0.0	0.0	0.0	0.0	0.0	0.0	15.9687194227	15.9687194227	0.0	0.0	0.0	0.0	0.0	0.0	0.0	0.0	15.9687194227	0.0	0.0	0.0	0.0	0.0	0.0	0.0	15.9687194227	0.0	0.0	0.0	0.0	0.0	0.0	15.9687194227	0.0	0.0	0.0	0.0	0.0	0.0	0.0	0.0	13.7840487521	0.0	0.0	0.0	0.0	0.0	0.0	0.0	0.0	0.0	0.0	0.0	0.0	0.0	0.0	0.0	0.0	0.0	
0.0	0.0	0.0	0.0	0.0	0.0	0.0	0.0	0.0	0.0	0.0	0.0	0.0	0.0	0.0	0.0	0.0	0.0	0.0	15.9687194227	0.0	0.0	0.0	0.0	0.0	0.0	15.9687194227	11.313708499	15.9687194227	15.9687194227	0.0	0.0	0.0	0.0	15.9687194227	0.0	0.0	0.0	0.0	0.0	0.0	0.0	0.0	13.3416640641	0.0	0.0	0.0	0.0	0.0	0.0	12.6491106407	0.0	0.0	0.0	0.0	0.0	0.0	0.0	0.0	0.0	0.0	0.0	0.0	0.0	
0.0	0.0	0.0	0.0	0.0	0.0	0.0	0.0	0.0	0.0	0.0	0.0	0.0	0.0	0.0	0.0	0.0	0.0	0.0	0.0	0.0	0.0	0.0	0.0	0.0	0.0	0.0	0.0	0.0	0.0	0.0	0.0	0.0	0.0	0.0	0.0	0.0	0.0	0.0	0.0	0.0	0.0	15.9687194227	15.9687194227	9.11043357914	0.0	0.0	0.0	0.0	0.0	0.0	0.0	0.0	0.0	0.0	0.0	0.0	0.0	0.0	0.0	0.0	0.0	0.0	0.0	
0.0	0.0	0.0	0.0	0.0	0.0	0.0	0.0	0.0	0.0	0.0	0.0	15.9687194227	0.0	0.0	0.0	0.0	0.0	0.0	0.0	15.9687194227	0.0	0.0	0.0	0.0	0.0	0.0	15.9687194227	15.9687194227	0.0	0.0	0.0	0.0	0.0	0.0	15.9687194227	15.9687194227	0.0	0.0	0.0	0.0	0.0	0.0	0.0	0.0	0.0	0.0	0.0	0.0	0.0	0.0	0.0	0.0	0.0	0.0	0.0	0.0	0.0	0.0	0.0	0.0	0.0	0.0	0.0	
0.0	0.0	0.0	0.0	0.0	0.0	0.0	0.0	0.0	0.0	0.0	0.0	0.0	0.0	0.0	0.0	0.0	0.0	0.0	15.9687194227	15.9687194227	0.0	0.0	0.0	0.0	0.0	0.0	4.472135955	0.0	0.0	0.0	0.0	0.0	0.0	0.0	15.9059737206	0.0	15.9687194227	0.0	0.0	0.0	0.0	0.0	0.0	0.0	0.0	0.0	0.0	0.0	0.0	0.0	0.0	0.0	0.0	0.0	0.0	0.0	0.0	0.0	0.0	0.0	0.0	0.0	0.0	
0.0	0.0	0.0	0.0	0.0	0.0	0.0	0.0	0.0	0.0	15.9687194227	0.0	15.9687194227	0.0	0.0	0.0	0.0	0.0	0.0	0.0	15.9687194227	0.0	0.0	0.0	0.0	0.0	0.0	0.0	15.9687194227	0.0	0.0	0.0	0.0	0.0	0.0	15.9687194227	0.0	0.0	0.0	0.0	0.0	15.9687194227	15.9687194227	5.74456264654	0.0	0.0	0.0	0.0	0.0	0.0	0.0	0.0	0.0	0.0	0.0	0.0	0.0	0.0	0.0	0.0	0.0	0.0	0.0	0.0	
0.0	0.0	0.0	15.3297097168	15.9687194227	15.9687194227	14.8323969742	0.0	0.0	0.0	0.0	0.0	0.0	0.0	0.0	0.0	0.0	0.0	0.0	0.0	0.0	15.9687194227	0.0	0.0	0.0	0.0	0.0	0.0	0.0	0.0	0.0	0.0	0.0	0.0	0.0	0.0	15.5884572681	0.0	0.0	0.0	0.0	0.0	0.0	0.0	15.9687194227	0.0	0.0	0.0	0.0	0.0	0.0	0.0	0.0	0.0	0.0	0.0	0.0	0.0	0.0	0.0	0.0	0.0	0.0	0.0	
0.0	0.0	0.0	0.0	0.0	0.0	0.0	0.0	0.0	0.0	0.0	0.0	0.0	0.0	0.0	0.0	0.0	0.0	0.0	15.9687194227	2.2360679775	15.9373774505	0.0	0.0	0.0	0.0	0.0	0.0	0.0	0.0	0.0	0.0	0.0	0.0	0.0	0.0	0.0	0.0	0.0	0.0	0.0	0.0	0.0	0.0	0.0	13.3041346957	0.0	0.0	0.0	0.0	0.0	0.0	15.9687194227	0.0	0.0	0.0	0.0	0.0	0.0	0.0	0.0	0.0	0.0	0.0	
0.0	0.0	0.0	0.0	0.0	0.0	0.0	0.0	0.0	0.0	9.16515138991	0.0	0.0	0.0	0.0	0.0	0.0	6.5574385243	0.0	0.0	14.1067359797	0.0	0.0	0.0	0.0	15.9687194227	15.8113883008	15.9687194227	15.9687194227	0.0	0.0	0.0	0.0	0.0	0.0	0.0	0.0	0.0	0.0	0.0	0.0	0.0	0.0	0.0	0.0	0.0	0.0	0.0	0.0	0.0	0.0	15.9687194227	0.0	0.0	0.0	0.0	0.0	0.0	0.0	0.0	0.0	0.0	0.0	0.0	
0.0	0.0	0.0	0.0	15.9687194227	0.0	0.0	0.0	0.0	0.0	0.0	14.7986485869	2.0	0.0	0.0	0.0	0.0	0.0	0.0	15.9687194227	0.0	0.0	0.0	0.0	0.0	0.0	7.34846922835	13.2287565553	0.0	0.0	0.0	0.0	0.0	0.0	0.0	0.0	15.9687194227	0.0	0.0	0.0	0.0	0.0	15.9687194227	0.0	0.0	15.9687194227	0.0	0.0	0.0	0.0	0.0	15.9687194227	0.0	15.9687194227	0.0	0.0	0.0	0.0	0.0	0.0	15.9687194227	0.0	0.0	0.0	
0.0	0.0	0.0	0.0	0.0	0.0	0.0	0.0	0.0	0.0	0.0	0.0	15.0665191733	0.0	0.0	0.0	0.0	0.0	0.0	0.0	0.0	15.9687194227	0.0	0.0	0.0	0.0	0.0	0.0	0.0	0.0	0.0	0.0	0.0	0.0	0.0	0.0	0.0	15.9687194227	0.0	0.0	0.0	0.0	15.9687194227	15.9687194227	15.9687194227	2.64575131106	0.0	0.0	0.0	0.0	0.0	0.0	0.0	0.0	0.0	0.0	0.0	0.0	0.0	0.0	0.0	0.0	0.0	0.0	
0.0	0.0	0.0	0.0	15.7797338381	0.0	0.0	0.0	0.0	0.0	0.0	0.0	15.9687194227	0.0	0.0	0.0	0.0	0.0	0.0	0.0	15.9687194227	0.0	0.0	0.0	0.0	0.0	0.0	0.0	15.748015748	0.0	0.0	0.0	0.0	0.0	0.0	0.0	4.89897948557	0.0	0.0	0.0	0.0	0.0	0.0	0.0	0.0	0.0	0.0	0.0	0.0	0.0	0.0	0.0	0.0	0.0	0.0	0.0	0.0	0.0	0.0	0.0	0.0	0.0	15.9687194227	0.0	
0.0	0.0	0.0	0.0	0.0	0.0	0.0	0.0	0.0	0.0	0.0	0.0	0.0	0.0	0.0	0.0	0.0	0.0	0.0	13.9642400438	0.0	0.0	0.0	0.0	0.0	0.0	15.9687194227	0.0	0.0	15.9687194227	0.0	0.0	0.0	0.0	15.9687194227	15.9687194227	15.9687194227	15.9687194227	1.41421356237	0.0	0.0	0.0	0.0	0.0	0.0	0.0	0.0	0.0	0.0	0.0	0.0	0.0	0.0	0.0	0.0	0.0	0.0	0.0	0.0	0.0	0.0	0.0	0.0	0.0	
0.0	0.0	0.0	0.0	0.0	0.0	0.0	0.0	0.0	0.0	0.0	15.9687194227	15.9687194227	15.9687194227	15.9687194227	0.0	0.0	0.0	0.0	0.0	0.0	0.0	15.9687194227	0.0	0.0	0.0	0.0	0.0	0.0	0.0	0.0	0.0	0.0	0.0	0.0	0.0	0.0	15.9687194227	0.0	0.0	0.0	0.0	0.0	0.0	0.0	0.0	0.0	0.0	0.0	0.0	0.0	0.0	15.9687194227	0.0	0.0	0.0	0.0	0.0	0.0	0.0	0.0	0.0	0.0	0.0	
